125 91
125 92
125 93
126 90
126 91
126 92
126 93
126 94
127 90
127 91
127 92
127 93
127 94
128 90
128 91
128 92
128 93
128 94
129 89
129 90
129 91
129 92
129 93
129 94
129 95
130 89
130 90
130 91
130 92
130 93
130 94
130 95
131 89
131 90
131 91
131 92
131 93
131 94
131 95
132 88
132 89
132 90
132 91
132 92
132 93
132 94
132 95
132 96
133 88
133 89
133 90
133 91
133 92
133 93
133 94
133 95
133 96
134 88
134 89
134 90
134 91
134 92
134 93
134 94
134 95
134 96
135 88
135 89
135 90
135 91
135 92
135 93
135 94
135 95
135 96
136 87
136 88
136 89
136 90
136 91
136 92
136 93
136 94
136 95
136 96
136 97
137 87
137 88
137 89
137 90
137 91
137 92
137 93
137 94
137 95
137 96
137 97
138 87
138 88
138 89
138 90
138 91
138 92
138 93
138 94
138 95
138 96
138 97
139 86
139 87
139 88
139 89
139 90
139 91
139 92
139 93
139 94
139 95
139 96
139 97
140 86
140 87
140 88
140 89
140 90
140 91
140 92
140 93
140 94
140 95
140 96
140 97
140 98
141 86
141 87
141 88
141 89
141 90
141 91
141 92
141 93
141 94
141 95
141 96
141 97
141 98
142 85
142 86
142 87
142 88
142 89
142 90
142 91
142 92
142 93
142 94
142 95
142 96
142 97
142 98
143 85
143 86
143 87
143 88
143 89
143 90
143 91
143 92
143 93
143 94
143 95
143 96
143 97
143 98
143 99
144 85
144 86
144 87
144 88
144 89
144 90
144 91
144 92
144 93
144 94
144 95
144 96
144 97
144 98
144 99
145 85
145 86
145 87
145 88
145 89
145 90
145 91
145 92
145 93
145 94
145 95
145 96
145 97
145 98
145 99
146 84
146 85
146 86
146 87
146 88
146 89
146 90
146 91
146 92
146 93
146 94
146 95
146 96
146 97
146 98
146 99
147 84
147 85
147 86
147 87
147 88
147 89
147 90
147 91
147 92
147 93
147 94
147 95
147 96
147 97
147 98
147 99
147 100
148 84
148 85
148 86
148 87
148 88
148 89
148 90
148 91
148 92
148 93
148 94
148 95
148 96
148 97
148 98
148 99
148 100
149 83
149 84
149 85
149 86
149 87
149 88
149 89
149 90
149 91
149 92
149 93
149 94
149 95
149 96
149 97
149 98
149 99
149 100
150 83
150 84
150 85
150 86
150 87
150 88
150 89
150 90
150 91
150 92
150 93
150 94
150 95
150 96
150 97
150 98
150 99
150 100
150 101
151 83
151 84
151 85
151 86
151 87
151 88
151 89
151 90
151 91
151 92
151 93
151 94
151 95
151 96
151 97
151 98
151 99
151 100
151 101
152 82
152 83
152 84
152 85
152 86
152 87
152 88
152 89
152 90
152 91
152 92
152 93
152 94
152 95
152 96
152 97
152 98
152 99
152 100
152 101
153 82
153 83
153 84
153 85
153 86
153 87
153 88
153 89
153 90
153 91
153 92
153 93
153 94
153 95
153 96
153 97
153 98
153 99
153 100
153 101
154 82
154 83
154 84
154 85
154 86
154 87
154 88
154 89
154 90
154 91
154 92
154 93
154 94
154 95
154 96
154 97
154 98
154 99
154 100
154 101
154 102
155 82
155 83
155 84
155 85
155 86
155 87
155 88
155 89
155 90
155 91
155 92
155 93
155 94
155 95
155 96
155 97
155 98
155 99
155 100
155 101
155 102
156 81
156 82
156 83
156 84
156 85
156 86
156 87
156 88
156 89
156 90
156 91
156 92
156 93
156 94
156 95
156 96
156 97
156 98
156 99
156 100
156 101
156 102
157 81
157 82
157 83
157 84
157 85
157 86
157 87
157 88
157 89
157 90
157 91
157 92
157 93
157 94
157 95
157 96
157 97
157 98
157 99
157 100
157 101
157 102
157 103
158 81
158 82
158 83
158 84
158 85
158 86
158 87
158 88
158 89
158 90
158 91
158 92
158 93
158 94
158 95
158 96
158 97
158 98
158 99
158 100
158 101
158 102
158 103
159 80
159 81
159 82
159 83
159 84
159 85
159 86
159 87
159 88
159 89
159 90
159 91
159 92
159 93
159 94
159 95
159 96
159 97
159 98
159 99
159 100
159 101
159 102
159 103
160 80
160 81
160 82
160 83
160 84
160 85
160 86
160 87
160 88
160 89
160 90
160 91
160 92
160 93
160 94
160 95
160 96
160 97
160 98
160 99
160 100
160 101
160 102
160 103
161 80
161 81
161 82
161 83
161 84
161 85
161 86
161 87
161 88
161 89
161 90
161 91
161 92
161 93
161 94
161 95
161 96
161 97
161 98
161 99
161 100
161 101
161 102
161 103
161 104
162 79
162 80
162 81
162 82
162 83
162 84
162 85
162 86
162 87
162 88
162 89
162 90
162 91
162 92
162 93
162 94
162 95
162 96
162 97
162 98
162 99
162 100
162 101
162 102
162 103
162 104
163 79
163 80
163 81
163 82
163 83
163 84
163 85
163 86
163 87
163 88
163 89
163 90
163 91
163 92
163 93
163 94
163 95
163 96
163 97
163 98
163 99
163 100
163 101
163 102
163 103
163 104
164 79
164 80
164 81
164 82
164 83
164 84
164 85
164 86
164 87
164 88
164 89
164 90
164 91
164 92
164 93
164 94
164 95
164 96
164 97
164 98
164 99
164 100
164 101
164 102
164 103
164 104
165 79
165 80
165 81
165 82
165 83
165 84
165 85
165 86
165 87
165 88
165 89
165 90
165 91
165 92
165 93
165 94
165 95
165 96
165 97
165 98
165 99
165 100
165 101
165 102
165 103
165 104
165 105
166 78
166 79
166 80
166 81
166 82
166 83
166 84
166 85
166 86
166 87
166 88
166 89
166 90
166 91
166 92
166 93
166 94
166 95
166 96
166 97
166 98
166 99
166 100
166 101
166 102
166 103
166 104
166 105
167 78
167 79
167 80
167 81
167 82
167 83
167 84
167 85
167 86
167 87
167 88
167 89
167 90
167 91
167 92
167 93
167 94
167 95
167 96
167 97
167 98
167 99
167 100
167 101
167 102
167 103
167 104
167 105
168 78
168 79
168 80
168 81
168 82
168 83
168 84
168 85
168 86
168 87
168 88
168 89
168 90
168 91
168 92
168 93
168 94
168 95
168 96
168 97
168 98
168 99
168 100
168 101
168 102
168 103
168 104
168 105
168 106
169 77
169 78
169 79
169 80
169 81
169 82
169 83
169 84
169 85
169 86
169 87
169 88
169 89
169 90
169 91
169 92
169 93
169 94
169 95
169 96
169 97
169 98
169 99
169 100
169 101
169 102
169 103
169 104
169 105
169 106
170 77
170 78
170 79
170 80
170 81
170 82
170 83
170 84
170 85
170 86
170 87
170 88
170 89
170 90
170 91
170 92
170 93
170 94
170 95
170 96
170 97
170 98
170 99
170 100
170 101
170 102
170 103
170 104
170 105
170 106
171 77
171 78
171 79
171 80
171 81
171 82
171 83
171 84
171 85
171 86
171 87
171 88
171 89
171 90
171 91
171 92
171 93
171 94
171 95
171 96
171 97
171 98
171 99
171 100
171 101
171 102
171 103
171 104
171 105
171 106
172 76
172 77
172 78
172 79
172 80
172 81
172 82
172 83
172 84
172 85
172 86
172 87
172 88
172 89
172 90
172 91
172 92
172 93
172 94
172 95
172 96
172 97
172 98
172 99
172 100
172 101
172 102
172 103
172 104
172 105
172 106
172 107
173 76
173 77
173 78
173 79
173 80
173 81
173 82
173 83
173 84
173 85
173 86
173 87
173 88
173 89
173 90
173 91
173 92
173 93
173 94
173 95
173 96
173 97
173 98
173 99
173 100
173 101
173 102
173 103
173 104
173 105
173 106
173 107
174 76
174 77
174 78
174 79
174 80
174 81
174 82
174 83
174 84
174 85
174 86
174 87
174 88
174 89
174 90
174 91
174 92
174 93
174 94
174 95
174 96
174 97
174 98
174 99
174 100
174 101
174 102
174 103
174 104
174 105
174 106
174 107
175 76
175 77
175 78
175 79
175 80
175 81
175 82
175 83
175 84
175 85
175 86
175 87
175 88
175 89
175 90
175 91
175 92
175 93
175 94
175 95
175 96
175 97
175 98
175 99
175 100
175 101
175 102
175 103
175 104
175 105
175 106
175 107
175 108
176 73
176 74
176 75
176 76
176 77
176 78
176 79
176 80
176 81
176 82
176 83
176 84
176 85
176 86
176 87
176 88
176 89
176 90
176 91
176 92
176 93
176 94
176 95
176 96
176 97
176 98
176 99
176 100
176 101
176 102
176 103
176 104
176 105
176 106
176 107
176 108
176 109
176 110
177 70
177 71
177 72
177 73
177 74
177 75
177 76
177 77
177 78
177 79
177 80
177 81
177 82
177 83
177 84
177 85
177 86
177 87
177 88
177 89
177 90
177 91
177 92
177 93
177 94
177 95
177 96
177 97
177 98
177 99
177 100
177 101
177 102
177 103
177 104
177 105
177 106
177 107
177 108
177 109
177 110
177 111
177 112
177 113
178 67
178 68
178 69
178 70
178 71
178 72
178 73
178 74
178 75
178 76
178 77
178 78
178 79
178 80
178 81
178 82
178 83
178 84
178 85
178 86
178 87
178 88
178 89
178 90
178 91
178 92
178 93
178 94
178 95
178 96
178 97
178 98
178 99
178 100
178 101
178 102
178 103
178 104
178 105
178 106
178 107
178 108
178 109
178 110
178 111
178 112
178 113
178 114
178 115
178 116
179 64
179 65
179 66
179 67
179 68
179 69
179 70
179 71
179 72
179 73
179 74
179 75
179 76
179 77
179 78
179 79
179 80
179 81
179 82
179 83
179 84
179 85
179 86
179 87
179 88
179 89
179 90
179 91
179 92
179 93
179 94
179 95
179 96
179 97
179 98
179 99
179 100
179 101
179 102
179 103
179 104
179 105
179 106
179 107
179 108
179 109
179 110
179 111
179 112
179 113
179 114
179 115
179 116
179 117
179 118
179 119
180 61
180 62
180 63
180 64
180 65
180 66
180 67
180 68
180 69
180 70
180 71
180 72
180 73
180 74
180 75
180 76
180 77
180 78
180 79
180 80
180 81
180 82
180 83
180 84
180 85
180 86
180 87
180 88
180 89
180 90
180 91
180 92
180 93
180 94
180 95
180 96
180 97
180 98
180 99
180 100
180 101
180 102
180 103
180 104
180 105
180 106
180 107
180 108
180 109
180 110
180 111
180 112
180 113
180 114
180 115
180 116
180 117
180 118
180 119
180 120
180 121
180 122
181 58
181 59
181 60
181 61
181 62
181 63
181 64
181 65
181 66
181 67
181 68
181 69
181 70
181 71
181 72
181 73
181 74
181 75
181 76
181 77
181 78
181 79
181 80
181 81
181 82
181 83
181 84
181 85
181 86
181 87
181 88
181 89
181 90
181 91
181 92
181 93
181 94
181 95
181 96
181 97
181 98
181 99
181 100
181 101
181 102
181 103
181 104
181 105
181 106
181 107
181 108
181 109
181 110
181 111
181 112
181 113
181 114
181 115
181 116
181 117
181 118
181 119
181 120
181 121
181 122
181 123
181 124
181 125
182 55
182 56
182 57
182 58
182 59
182 60
182 61
182 62
182 63
182 64
182 65
182 66
182 67
182 68
182 69
182 70
182 71
182 72
182 73
182 74
182 75
182 76
182 77
182 78
182 79
182 80
182 81
182 82
182 83
182 84
182 85
182 86
182 87
182 88
182 89
182 90
182 91
182 92
182 93
182 94
182 95
182 96
182 97
182 98
182 99
182 100
182 101
182 102
182 103
182 104
182 105
182 106
182 107
182 108
182 109
182 110
182 111
182 112
182 113
182 114
182 115
182 116
182 117
182 118
182 119
182 120
182 121
182 122
182 123
182 124
182 125
182 126
182 127
182 128
183 52
183 53
183 54
183 55
183 56
183 57
183 58
183 59
183 60
183 61
183 62
183 63
183 64
183 65
183 66
183 67
183 68
183 69
183 70
183 71
183 72
183 73
183 74
183 75
183 76
183 77
183 78
183 79
183 80
183 81
183 82
183 83
183 84
183 85
183 86
183 87
183 88
183 89
183 90
183 91
183 92
183 93
183 94
183 95
183 96
183 97
183 98
183 99
183 100
183 101
183 102
183 103
183 104
183 105
183 106
183 107
183 108
183 109
183 110
183 111
183 112
183 113
183 114
183 115
183 116
183 117
183 118
183 119
183 120
183 121
183 122
183 123
183 124
183 125
183 126
183 127
183 128
183 129
183 130
183 131
184 49
184 50
184 51
184 52
184 53
184 54
184 55
184 56
184 57
184 58
184 59
184 60
184 61
184 62
184 63
184 64
184 65
184 66
184 67
184 68
184 69
184 70
184 71
184 72
184 73
184 74
184 75
184 76
184 77
184 78
184 79
184 80
184 81
184 82
184 83
184 84
184 85
184 86
184 87
184 88
184 89
184 90
184 91
184 92
184 93
184 94
184 95
184 96
184 97
184 98
184 99
184 100
184 101
184 102
184 103
184 104
184 105
184 106
184 107
184 108
184 109
184 110
184 111
184 112
184 113
184 114
184 115
184 116
184 117
184 118
184 119
184 120
184 121
184 122
184 123
184 124
184 125
184 126
184 127
184 128
184 129
184 130
184 131
184 132
184 133
184 134
185 46
185 47
185 48
185 49
185 50
185 51
185 52
185 53
185 54
185 55
185 56
185 57
185 58
185 59
185 60
185 61
185 62
185 63
185 64
185 65
185 66
185 67
185 68
185 69
185 70
185 71
185 72
185 73
185 74
185 75
185 76
185 77
185 78
185 79
185 80
185 81
185 82
185 83
185 84
185 85
185 86
185 87
185 88
185 89
185 90
185 91
185 92
185 93
185 94
185 95
185 96
185 97
185 98
185 99
185 100
185 101
185 102
185 103
185 104
185 105
185 106
185 107
185 108
185 109
185 110
185 111
185 112
185 113
185 114
185 115
185 116
185 117
185 118
185 119
185 120
185 121
185 122
185 123
185 124
185 125
185 126
185 127
185 128
185 129
185 130
185 131
185 132
185 133
185 134
185 135
185 136
185 137
186 44
186 45
186 46
186 47
186 48
186 49
186 50
186 51
186 52
186 53
186 54
186 55
186 56
186 57
186 58
186 59
186 60
186 61
186 62
186 63
186 64
186 65
186 66
186 67
186 68
186 69
186 70
186 71
186 72
186 73
186 74
186 75
186 76
186 77
186 78
186 79
186 80
186 81
186 82
186 83
186 84
186 85
186 86
186 87
186 88
186 89
186 90
186 91
186 92
186 93
186 94
186 95
186 96
186 97
186 98
186 99
186 100
186 101
186 102
186 103
186 104
186 105
186 106
186 107
186 108
186 109
186 110
186 111
186 112
186 113
186 114
186 115
186 116
186 117
186 118
186 119
186 120
186 121
186 122
186 123
186 124
186 125
186 126
186 127
186 128
186 129
186 130
186 131
186 132
186 133
186 134
186 135
186 136
186 137
186 138
186 139
186 140
187 41
187 42
187 43
187 44
187 45
187 46
187 47
187 48
187 49
187 50
187 51
187 52
187 53
187 54
187 55
187 56
187 57
187 58
187 59
187 60
187 61
187 62
187 63
187 64
187 65
187 66
187 67
187 68
187 69
187 70
187 71
187 72
187 73
187 74
187 75
187 76
187 77
187 78
187 79
187 80
187 81
187 82
187 83
187 84
187 85
187 86
187 87
187 88
187 89
187 90
187 91
187 92
187 93
187 94
187 95
187 96
187 97
187 98
187 99
187 100
187 101
187 102
187 103
187 104
187 105
187 106
187 107
187 108
187 109
187 110
187 111
187 112
187 113
187 114
187 115
187 116
187 117
187 118
187 119
187 120
187 121
187 122
187 123
187 124
187 125
187 126
187 127
187 128
187 129
187 130
187 131
187 132
187 133
187 134
187 135
187 136
187 137
187 138
187 139
187 140
187 141
187 142
188 38
188 39
188 40
188 41
188 42
188 43
188 44
188 45
188 46
188 47
188 48
188 49
188 50
188 51
188 52
188 53
188 54
188 55
188 56
188 57
188 58
188 59
188 60
188 61
188 62
188 63
188 64
188 65
188 66
188 67
188 68
188 69
188 70
188 71
188 72
188 73
188 74
188 75
188 76
188 77
188 78
188 79
188 80
188 81
188 82
188 83
188 84
188 85
188 86
188 87
188 88
188 89
188 90
188 91
188 92
188 93
188 94
188 95
188 96
188 97
188 98
188 99
188 100
188 101
188 102
188 103
188 104
188 105
188 106
188 107
188 108
188 109
188 110
188 111
188 112
188 113
188 114
188 115
188 116
188 117
188 118
188 119
188 120
188 121
188 122
188 123
188 124
188 125
188 126
188 127
188 128
188 129
188 130
188 131
188 132
188 133
188 134
188 135
188 136
188 137
188 138
188 139
188 140
188 141
188 142
188 143
188 144
188 145
189 35
189 36
189 37
189 38
189 39
189 40
189 41
189 42
189 43
189 44
189 45
189 46
189 47
189 48
189 49
189 50
189 51
189 52
189 53
189 54
189 55
189 56
189 57
189 58
189 59
189 60
189 61
189 62
189 63
189 64
189 65
189 66
189 67
189 68
189 69
189 70
189 71
189 72
189 73
189 74
189 75
189 76
189 77
189 78
189 79
189 80
189 81
189 82
189 83
189 84
189 85
189 86
189 87
189 88
189 89
189 90
189 91
189 92
189 93
189 94
189 95
189 96
189 97
189 98
189 99
189 100
189 101
189 102
189 103
189 104
189 105
189 106
189 107
189 108
189 109
189 110
189 111
189 112
189 113
189 114
189 115
189 116
189 117
189 118
189 119
189 120
189 121
189 122
189 123
189 124
189 125
189 126
189 127
189 128
189 129
189 130
189 131
189 132
189 133
189 134
189 135
189 136
189 137
189 138
189 139
189 140
189 141
189 142
189 143
189 144
189 145
189 146
189 147
189 148
190 32
190 33
190 34
190 35
190 36
190 37
190 38
190 39
190 40
190 41
190 42
190 43
190 44
190 45
190 46
190 47
190 48
190 49
190 50
190 51
190 52
190 53
190 54
190 55
190 56
190 57
190 58
190 59
190 60
190 61
190 62
190 63
190 64
190 65
190 66
190 67
190 68
190 69
190 70
190 71
190 72
190 73
190 74
190 75
190 76
190 77
190 78
190 79
190 80
190 81
190 82
190 83
190 84
190 85
190 86
190 87
190 88
190 89
190 90
190 91
190 92
190 93
190 94
190 95
190 96
190 97
190 98
190 99
190 100
190 101
190 102
190 103
190 104
190 105
190 106
190 107
190 108
190 109
190 110
190 111
190 112
190 113
190 114
190 115
190 116
190 117
190 118
190 119
190 120
190 121
190 122
190 123
190 124
190 125
190 126
190 127
190 128
190 129
190 130
190 131
190 132
190 133
190 134
190 135
190 136
190 137
190 138
190 139
190 140
190 141
190 142
190 143
190 144
190 145
190 146
190 147
190 148
190 149
190 150
190 151
191 29
191 30
191 31
191 32
191 33
191 34
191 35
191 36
191 37
191 38
191 39
191 40
191 41
191 42
191 43
191 44
191 45
191 46
191 47
191 48
191 49
191 50
191 51
191 52
191 53
191 54
191 55
191 56
191 57
191 58
191 59
191 60
191 61
191 62
191 63
191 64
191 65
191 66
191 67
191 68
191 69
191 70
191 71
191 72
191 73
191 74
191 75
191 76
191 77
191 78
191 79
191 80
191 81
191 82
191 83
191 84
191 85
191 86
191 87
191 88
191 89
191 90
191 91
191 92
191 93
191 94
191 95
191 96
191 97
191 98
191 99
191 100
191 101
191 102
191 103
191 104
191 105
191 106
191 107
191 108
191 109
191 110
191 111
191 112
191 113
191 114
191 115
191 116
191 117
191 118
191 119
191 120
191 121
191 122
191 123
191 124
191 125
191 126
191 127
191 128
191 129
191 130
191 131
191 132
191 133
191 134
191 135
191 136
191 137
191 138
191 139
191 140
191 141
191 142
191 143
191 144
191 145
191 146
191 147
191 148
191 149
191 150
191 151
191 152
191 153
191 154
192 28
192 29
192 30
192 31
192 32
192 33
192 34
192 35
192 36
192 37
192 38
192 39
192 40
192 41
192 42
192 43
192 44
192 45
192 46
192 47
192 48
192 49
192 50
192 51
192 52
192 53
192 54
192 55
192 56
192 57
192 58
192 59
192 60
192 61
192 62
192 63
192 64
192 65
192 66
192 67
192 68
192 69
192 70
192 71
192 72
192 73
192 74
192 75
192 76
192 77
192 78
192 79
192 80
192 81
192 82
192 83
192 84
192 85
192 86
192 87
192 88
192 89
192 90
192 91
192 92
192 93
192 94
192 95
192 96
192 97
192 98
192 99
192 100
192 101
192 102
192 103
192 104
192 105
192 106
192 107
192 108
192 109
192 110
192 111
192 112
192 113
192 114
192 115
192 116
192 117
192 118
192 119
192 120
192 121
192 122
192 123
192 124
192 125
192 126
192 127
192 128
192 129
192 130
192 131
192 132
192 133
192 134
192 135
192 136
192 137
192 138
192 139
192 140
192 141
192 142
192 143
192 144
192 145
192 146
192 147
192 148
192 149
192 150
192 151
192 152
192 153
192 154
192 155
193 28
193 29
193 30
193 31
193 32
193 33
193 34
193 35
193 36
193 37
193 38
193 39
193 40
193 41
193 42
193 43
193 44
193 45
193 46
193 47
193 48
193 49
193 50
193 51
193 52
193 53
193 54
193 55
193 56
193 57
193 58
193 59
193 60
193 61
193 62
193 63
193 64
193 65
193 66
193 67
193 68
193 69
193 70
193 71
193 72
193 73
193 74
193 75
193 76
193 77
193 78
193 79
193 80
193 81
193 82
193 83
193 84
193 85
193 86
193 87
193 88
193 89
193 90
193 91
193 92
193 93
193 94
193 95
193 96
193 97
193 98
193 99
193 100
193 101
193 102
193 103
193 104
193 105
193 106
193 107
193 108
193 109
193 110
193 111
193 112
193 113
193 114
193 115
193 116
193 117
193 118
193 119
193 120
193 121
193 122
193 123
193 124
193 125
193 126
193 127
193 128
193 129
193 130
193 131
193 132
193 133
193 134
193 135
193 136
193 137
193 138
193 139
193 140
193 141
193 142
193 143
193 144
193 145
193 146
193 147
193 148
193 149
193 150
193 151
193 152
193 153
193 154
193 155
194 28
194 29
194 30
194 31
194 32
194 33
194 34
194 35
194 36
194 37
194 38
194 39
194 40
194 41
194 42
194 43
194 44
194 45
194 46
194 47
194 48
194 49
194 50
194 51
194 52
194 53
194 54
194 55
194 56
194 57
194 58
194 59
194 60
194 61
194 62
194 63
194 64
194 65
194 66
194 67
194 68
194 69
194 70
194 71
194 72
194 73
194 74
194 75
194 76
194 77
194 78
194 79
194 80
194 81
194 82
194 83
194 84
194 85
194 86
194 87
194 88
194 89
194 90
194 91
194 92
194 93
194 94
194 95
194 96
194 97
194 98
194 99
194 100
194 101
194 102
194 103
194 104
194 105
194 106
194 107
194 108
194 109
194 110
194 111
194 112
194 113
194 114
194 115
194 116
194 117
194 118
194 119
194 120
194 121
194 122
194 123
194 124
194 125
194 126
194 127
194 128
194 129
194 130
194 131
194 132
194 133
194 134
194 135
194 136
194 137
194 138
194 139
194 140
194 141
194 142
194 143
194 144
194 145
194 146
194 147
194 148
194 149
194 150
194 151
194 152
194 153
194 154
194 155
195 29
195 30
195 31
195 32
195 33
195 34
195 35
195 36
195 37
195 38
195 39
195 40
195 41
195 42
195 43
195 44
195 45
195 46
195 47
195 48
195 49
195 50
195 51
195 52
195 53
195 54
195 55
195 56
195 57
195 58
195 59
195 60
195 61
195 62
195 63
195 64
195 65
195 66
195 67
195 68
195 69
195 70
195 71
195 72
195 73
195 74
195 75
195 76
195 77
195 78
195 79
195 80
195 81
195 82
195 83
195 84
195 85
195 86
195 87
195 88
195 89
195 90
195 91
195 92
195 93
195 94
195 95
195 96
195 97
195 98
195 99
195 100
195 101
195 102
195 103
195 104
195 105
195 106
195 107
195 108
195 109
195 110
195 111
195 112
195 113
195 114
195 115
195 116
195 117
195 118
195 119
195 120
195 121
195 122
195 123
195 124
195 125
195 126
195 127
195 128
195 129
195 130
195 131
195 132
195 133
195 134
195 135
195 136
195 137
195 138
195 139
195 140
195 141
195 142
195 143
195 144
195 145
195 146
195 147
195 148
195 149
195 150
195 151
195 152
195 153
195 154
196 32
196 33
196 34
196 35
196 36
196 37
196 38
196 39
196 40
196 41
196 42
196 43
196 44
196 45
196 46
196 47
196 48
196 49
196 50
196 51
196 52
196 53
196 54
196 55
196 56
196 57
196 58
196 59
196 60
196 61
196 62
196 63
196 64
196 65
196 66
196 67
196 68
196 69
196 70
196 71
196 72
196 73
196 74
196 75
196 76
196 77
196 78
196 79
196 80
196 81
196 82
196 83
196 84
196 85
196 86
196 87
196 88
196 89
196 90
196 91
196 92
196 93
196 94
196 95
196 96
196 97
196 98
196 99
196 100
196 101
196 102
196 103
196 104
196 105
196 106
196 107
196 108
196 109
196 110
196 111
196 112
196 113
196 114
196 115
196 116
196 117
196 118
196 119
196 120
196 121
196 122
196 123
196 124
196 125
196 126
196 127
196 128
196 129
196 130
196 131
196 132
196 133
196 134
196 135
196 136
196 137
196 138
196 139
196 140
196 141
196 142
196 143
196 144
196 145
196 146
196 147
196 148
196 149
196 150
196 151
197 35
197 36
197 37
197 38
197 39
197 40
197 41
197 42
197 43
197 44
197 45
197 46
197 47
197 48
197 49
197 50
197 51
197 52
197 53
197 54
197 55
197 56
197 57
197 58
197 59
197 60
197 61
197 62
197 63
197 64
197 65
197 66
197 67
197 68
197 69
197 70
197 71
197 72
197 73
197 74
197 75
197 76
197 77
197 78
197 79
197 80
197 81
197 82
197 83
197 84
197 85
197 86
197 87
197 88
197 89
197 90
197 91
197 92
197 93
197 94
197 95
197 96
197 97
197 98
197 99
197 100
197 101
197 102
197 103
197 104
197 105
197 106
197 107
197 108
197 109
197 110
197 111
197 112
197 113
197 114
197 115
197 116
197 117
197 118
197 119
197 120
197 121
197 122
197 123
197 124
197 125
197 126
197 127
197 128
197 129
197 130
197 131
197 132
197 133
197 134
197 135
197 136
197 137
197 138
197 139
197 140
197 141
197 142
197 143
197 144
197 145
197 146
197 147
197 148
197 149
198 37
198 38
198 39
198 40
198 41
198 42
198 43
198 44
198 45
198 46
198 47
198 48
198 49
198 50
198 51
198 52
198 53
198 54
198 55
198 56
198 57
198 58
198 59
198 60
198 61
198 62
198 63
198 64
198 65
198 66
198 67
198 68
198 69
198 70
198 71
198 72
198 73
198 74
198 75
198 76
198 77
198 78
198 79
198 80
198 81
198 82
198 83
198 84
198 85
198 86
198 87
198 88
198 89
198 90
198 91
198 92
198 93
198 94
198 95
198 96
198 97
198 98
198 99
198 100
198 101
198 102
198 103
198 104
198 105
198 106
198 107
198 108
198 109
198 110
198 111
198 112
198 113
198 114
198 115
198 116
198 117
198 118
198 119
198 120
198 121
198 122
198 123
198 124
198 125
198 126
198 127
198 128
198 129
198 130
198 131
198 132
198 133
198 134
198 135
198 136
198 137
198 138
198 139
198 140
198 141
198 142
198 143
198 144
198 145
198 146
199 40
199 41
199 42
199 43
199 44
199 45
199 46
199 47
199 48
199 49
199 50
199 51
199 52
199 53
199 54
199 55
199 56
199 57
199 58
199 59
199 60
199 61
199 62
199 63
199 64
199 65
199 66
199 67
199 68
199 69
199 70
199 71
199 72
199 73
199 74
199 75
199 76
199 77
199 78
199 79
199 80
199 81
199 82
199 83
199 84
199 85
199 86
199 87
199 88
199 89
199 90
199 91
199 92
199 93
199 94
199 95
199 96
199 97
199 98
199 99
199 100
199 101
199 102
199 103
199 104
199 105
199 106
199 107
199 108
199 109
199 110
199 111
199 112
199 113
199 114
199 115
199 116
199 117
199 118
199 119
199 120
199 121
199 122
199 123
199 124
199 125
199 126
199 127
199 128
199 129
199 130
199 131
199 132
199 133
199 134
199 135
199 136
199 137
199 138
199 139
199 140
199 141
199 142
199 143
200 43
200 44
200 45
200 46
200 47
200 48
200 49
200 50
200 51
200 52
200 53
200 54
200 55
200 56
200 57
200 58
200 59
200 60
200 61
200 62
200 63
200 64
200 65
200 66
200 67
200 68
200 69
200 70
200 71
200 72
200 73
200 74
200 75
200 76
200 77
200 78
200 79
200 80
200 81
200 82
200 83
200 84
200 85
200 86
200 87
200 88
200 89
200 90
200 91
200 92
200 93
200 94
200 95
200 96
200 97
200 98
200 99
200 100
200 101
200 102
200 103
200 104
200 105
200 106
200 107
200 108
200 109
200 110
200 111
200 112
200 113
200 114
200 115
200 116
200 117
200 118
200 119
200 120
200 121
200 122
200 123
200 124
200 125
200 126
200 127
200 128
200 129
200 130
200 131
200 132
200 133
200 134
200 135
200 136
200 137
200 138
200 139
200 140
201 46
201 47
201 48
201 49
201 50
201 51
201 52
201 53
201 54
201 55
201 56
201 57
201 58
201 59
201 60
201 61
201 62
201 63
201 64
201 65
201 66
201 67
201 68
201 69
201 70
201 71
201 72
201 73
201 74
201 75
201 76
201 77
201 78
201 79
201 80
201 81
201 82
201 83
201 84
201 85
201 86
201 87
201 88
201 89
201 90
201 91
201 92
201 93
201 94
201 95
201 96
201 97
201 98
201 99
201 100
201 101
201 102
201 103
201 104
201 105
201 106
201 107
201 108
201 109
201 110
201 111
201 112
201 113
201 114
201 115
201 116
201 117
201 118
201 119
201 120
201 121
201 122
201 123
201 124
201 125
201 126
201 127
201 128
201 129
201 130
201 131
201 132
201 133
201 134
201 135
201 136
201 137
202 49
202 50
202 51
202 52
202 53
202 54
202 55
202 56
202 57
202 58
202 59
202 60
202 61
202 62
202 63
202 64
202 65
202 66
202 67
202 68
202 69
202 70
202 71
202 72
202 73
202 74
202 75
202 76
202 77
202 78
202 79
202 80
202 81
202 82
202 83
202 84
202 85
202 86
202 87
202 88
202 89
202 90
202 91
202 92
202 93
202 94
202 95
202 96
202 97
202 98
202 99
202 100
202 101
202 102
202 103
202 104
202 105
202 106
202 107
202 108
202 109
202 110
202 111
202 112
202 113
202 114
202 115
202 116
202 117
202 118
202 119
202 120
202 121
202 122
202 123
202 124
202 125
202 126
202 127
202 128
202 129
202 130
202 131
202 132
202 133
202 134
203 52
203 53
203 54
203 55
203 56
203 57
203 58
203 59
203 60
203 61
203 62
203 63
203 64
203 65
203 66
203 67
203 68
203 69
203 70
203 71
203 72
203 73
203 74
203 75
203 76
203 77
203 78
203 79
203 80
203 81
203 82
203 83
203 84
203 85
203 86
203 87
203 88
203 89
203 90
203 91
203 92
203 93
203 94
203 95
203 96
203 97
203 98
203 99
203 100
203 101
203 102
203 103
203 104
203 105
203 106
203 107
203 108
203 109
203 110
203 111
203 112
203 113
203 114
203 115
203 116
203 117
203 118
203 119
203 120
203 121
203 122
203 123
203 124
203 125
203 126
203 127
203 128
203 129
203 130
203 131
204 55
204 56
204 57
204 58
204 59
204 60
204 61
204 62
204 63
204 64
204 65
204 66
204 67
204 68
204 69
204 70
204 71
204 72
204 73
204 74
204 75
204 76
204 77
204 78
204 79
204 80
204 81
204 82
204 83
204 84
204 85
204 86
204 87
204 88
204 89
204 90
204 91
204 92
204 93
204 94
204 95
204 96
204 97
204 98
204 99
204 100
204 101
204 102
204 103
204 104
204 105
204 106
204 107
204 108
204 109
204 110
204 111
204 112
204 113
204 114
204 115
204 116
204 117
204 118
204 119
204 120
204 121
204 122
204 123
204 124
204 125
204 126
204 127
204 128
205 58
205 59
205 60
205 61
205 62
205 63
205 64
205 65
205 66
205 67
205 68
205 69
205 70
205 71
205 72
205 73
205 74
205 75
205 76
205 77
205 78
205 79
205 80
205 81
205 82
205 83
205 84
205 85
205 86
205 87
205 88
205 89
205 90
205 91
205 92
205 93
205 94
205 95
205 96
205 97
205 98
205 99
205 100
205 101
205 102
205 103
205 104
205 105
205 106
205 107
205 108
205 109
205 110
205 111
205 112
205 113
205 114
205 115
205 116
205 117
205 118
205 119
205 120
205 121
205 122
205 123
205 124
205 125
206 61
206 62
206 63
206 64
206 65
206 66
206 67
206 68
206 69
206 70
206 71
206 72
206 73
206 74
206 75
206 76
206 77
206 78
206 79
206 80
206 81
206 82
206 83
206 84
206 85
206 86
206 87
206 88
206 89
206 90
206 91
206 92
206 93
206 94
206 95
206 96
206 97
206 98
206 99
206 100
206 101
206 102
206 103
206 104
206 105
206 106
206 107
206 108
206 109
206 110
206 111
206 112
206 113
206 114
206 115
206 116
206 117
206 118
206 119
206 120
206 121
206 122
207 64
207 65
207 66
207 67
207 68
207 69
207 70
207 71
207 72
207 73
207 74
207 75
207 76
207 77
207 78
207 79
207 80
207 81
207 82
207 83
207 84
207 85
207 86
207 87
207 88
207 89
207 90
207 91
207 92
207 93
207 94
207 95
207 96
207 97
207 98
207 99
207 100
207 101
207 102
207 103
207 104
207 105
207 106
207 107
207 108
207 109
207 110
207 111
207 112
207 113
207 114
207 115
207 116
207 117
207 118
207 119
208 67
208 68
208 69
208 70
208 71
208 72
208 73
208 74
208 75
208 76
208 77
208 78
208 79
208 80
208 81
208 82
208 83
208 84
208 85
208 86
208 87
208 88
208 89
208 90
208 91
208 92
208 93
208 94
208 95
208 96
208 97
208 98
208 99
208 100
208 101
208 102
208 103
208 104
208 105
208 106
208 107
208 108
208 109
208 110
208 111
208 112
208 113
208 114
208 115
208 116
209 70
209 71
209 72
209 73
209 74
209 75
209 76
209 77
209 78
209 79
209 80
209 81
209 82
209 83
209 84
209 85
209 86
209 87
209 88
209 89
209 90
209 91
209 92
209 93
209 94
209 95
209 96
209 97
209 98
209 99
209 100
209 101
209 102
209 103
209 104
209 105
209 106
209 107
209 108
209 109
209 110
209 111
209 112
209 113
210 73
210 74
210 75
210 76
210 77
210 78
210 79
210 80
210 81
210 82
210 83
210 84
210 85
210 86
210 87
210 88
210 89
210 90
210 91
210 92
210 93
210 94
210 95
210 96
210 97
210 98
210 99
210 100
210 101
210 102
210 103
210 104
210 105
210 106
210 107
210 108
210 109
210 110
211 76
211 77
211 78
211 79
211 80
211 81
211 82
211 83
211 84
211 85
211 86
211 87
211 88
211 89
211 90
211 91
211 92
211 93
211 94
211 95
211 96
211 97
211 98
211 99
211 100
211 101
211 102
211 103
211 104
211 105
211 106
211 107
211 108
212 76
212 77
212 78
212 79
212 80
212 81
212 82
212 83
212 84
212 85
212 86
212 87
212 88
212 89
212 90
212 91
212 92
212 93
212 94
212 95
212 96
212 97
212 98
212 99
212 100
212 101
212 102
212 103
212 104
212 105
212 106
212 107
213 76
213 77
213 78
213 79
213 80
213 81
213 82
213 83
213 84
213 85
213 86
213 87
213 88
213 89
213 90
213 91
213 92
213 93
213 94
213 95
213 96
213 97
213 98
213 99
213 100
213 101
213 102
213 103
213 104
213 105
213 106
213 107
214 76
214 77
214 78
214 79
214 80
214 81
214 82
214 83
214 84
214 85
214 86
214 87
214 88
214 89
214 90
214 91
214 92
214 93
214 94
214 95
214 96
214 97
214 98
214 99
214 100
214 101
214 102
214 103
214 104
214 105
214 106
214 107
215 77
215 78
215 79
215 80
215 81
215 82
215 83
215 84
215 85
215 86
215 87
215 88
215 89
215 90
215 91
215 92
215 93
215 94
215 95
215 96
215 97
215 98
215 99
215 100
215 101
215 102
215 103
215 104
215 105
215 106
216 77
216 78
216 79
216 80
216 81
216 82
216 83
216 84
216 85
216 86
216 87
216 88
216 89
216 90
216 91
216 92
216 93
216 94
216 95
216 96
216 97
216 98
216 99
216 100
216 101
216 102
216 103
216 104
216 105
216 106
217 77
217 78
217 79
217 80
217 81
217 82
217 83
217 84
217 85
217 86
217 87
217 88
217 89
217 90
217 91
217 92
217 93
217 94
217 95
217 96
217 97
217 98
217 99
217 100
217 101
217 102
217 103
217 104
217 105
217 106
218 78
218 79
218 80
218 81
218 82
218 83
218 84
218 85
218 86
218 87
218 88
218 89
218 90
218 91
218 92
218 93
218 94
218 95
218 96
218 97
218 98
218 99
218 100
218 101
218 102
218 103
218 104
218 105
218 106
219 78
219 79
219 80
219 81
219 82
219 83
219 84
219 85
219 86
219 87
219 88
219 89
219 90
219 91
219 92
219 93
219 94
219 95
219 96
219 97
219 98
219 99
219 100
219 101
219 102
219 103
219 104
219 105
219 226
219 227
219 228
220 78
220 79
220 80
220 81
220 82
220 83
220 84
220 85
220 86
220 87
220 88
220 89
220 90
220 91
220 92
220 93
220 94
220 95
220 96
220 97
220 98
220 99
220 100
220 101
220 102
220 103
220 104
220 105
220 225
220 226
220 227
220 228
220 229
221 79
221 80
221 81
221 82
221 83
221 84
221 85
221 86
221 87
221 88
221 89
221 90
221 91
221 92
221 93
221 94
221 95
221 96
221 97
221 98
221 99
221 100
221 101
221 102
221 103
221 104
221 105
221 225
221 226
221 227
221 228
221 229
222 79
222 80
222 81
222 82
222 83
222 84
222 85
222 86
222 87
222 88
222 89
222 90
222 91
222 92
222 93
222 94
222 95
222 96
222 97
222 98
222 99
222 100
222 101
222 102
222 103
222 104
222 225
222 226
222 227
222 228
222 229
223 79
223 80
223 81
223 82
223 83
223 84
223 85
223 86
223 87
223 88
223 89
223 90
223 91
223 92
223 93
223 94
223 95
223 96
223 97
223 98
223 99
223 100
223 101
223 102
223 103
223 104
223 224
223 225
223 226
223 227
223 228
223 229
223 230
224 79
224 80
224 81
224 82
224 83
224 84
224 85
224 86
224 87
224 88
224 89
224 90
224 91
224 92
224 93
224 94
224 95
224 96
224 97
224 98
224 99
224 100
224 101
224 102
224 103
224 104
224 224
224 225
224 226
224 227
224 228
224 229
224 230
225 80
225 81
225 82
225 83
225 84
225 85
225 86
225 87
225 88
225 89
225 90
225 91
225 92
225 93
225 94
225 95
225 96
225 97
225 98
225 99
225 100
225 101
225 102
225 103
225 104
225 224
225 225
225 226
225 227
225 228
225 229
225 230
226 80
226 81
226 82
226 83
226 84
226 85
226 86
226 87
226 88
226 89
226 90
226 91
226 92
226 93
226 94
226 95
226 96
226 97
226 98
226 99
226 100
226 101
226 102
226 103
226 223
226 224
226 225
226 226
226 227
226 228
226 229
226 230
226 231
227 80
227 81
227 82
227 83
227 84
227 85
227 86
227 87
227 88
227 89
227 90
227 91
227 92
227 93
227 94
227 95
227 96
227 97
227 98
227 99
227 100
227 101
227 102
227 103
227 223
227 224
227 225
227 226
227 227
227 228
227 229
227 230
227 231
228 81
228 82
228 83
228 84
228 85
228 86
228 87
228 88
228 89
228 90
228 91
228 92
228 93
228 94
228 95
228 96
228 97
228 98
228 99
228 100
228 101
228 102
228 103
228 223
228 224
228 225
228 226
228 227
228 228
228 229
228 230
228 231
229 81
229 82
229 83
229 84
229 85
229 86
229 87
229 88
229 89
229 90
229 91
229 92
229 93
229 94
229 95
229 96
229 97
229 98
229 99
229 100
229 101
229 102
229 103
229 222
229 223
229 224
229 225
229 226
229 227
229 228
229 229
229 230
229 231
229 232
230 81
230 82
230 83
230 84
230 85
230 86
230 87
230 88
230 89
230 90
230 91
230 92
230 93
230 94
230 95
230 96
230 97
230 98
230 99
230 100
230 101
230 102
230 222
230 223
230 224
230 225
230 226
230 227
230 228
230 229
230 230
230 231
230 232
231 82
231 83
231 84
231 85
231 86
231 87
231 88
231 89
231 90
231 91
231 92
231 93
231 94
231 95
231 96
231 97
231 98
231 99
231 100
231 101
231 102
231 222
231 223
231 224
231 225
231 226
231 227
231 228
231 229
231 230
231 231
231 232
232 82
232 83
232 84
232 85
232 86
232 87
232 88
232 89
232 90
232 91
232 92
232 93
232 94
232 95
232 96
232 97
232 98
232 99
232 100
232 101
232 102
232 222
232 223
232 224
232 225
232 226
232 227
232 228
232 229
232 230
232 231
232 232
233 82
233 83
233 84
233 85
233 86
233 87
233 88
233 89
233 90
233 91
233 92
233 93
233 94
233 95
233 96
233 97
233 98
233 99
233 100
233 101
233 221
233 222
233 223
233 224
233 225
233 226
233 227
233 228
233 229
233 230
233 231
233 232
233 233
234 82
234 83
234 84
234 85
234 86
234 87
234 88
234 89
234 90
234 91
234 92
234 93
234 94
234 95
234 96
234 97
234 98
234 99
234 100
234 101
234 221
234 222
234 223
234 224
234 225
234 226
234 227
234 228
234 229
234 230
234 231
234 232
234 233
235 83
235 84
235 85
235 86
235 87
235 88
235 89
235 90
235 91
235 92
235 93
235 94
235 95
235 96
235 97
235 98
235 99
235 100
235 101
235 221
235 222
235 223
235 224
235 225
235 226
235 227
235 228
235 229
235 230
235 231
235 232
235 233
236 83
236 84
236 85
236 86
236 87
236 88
236 89
236 90
236 91
236 92
236 93
236 94
236 95
236 96
236 97
236 98
236 99
236 100
236 101
236 220
236 221
236 222
236 223
236 224
236 225
236 226
236 227
236 228
236 229
236 230
236 231
236 232
236 233
236 234
237 83
237 84
237 85
237 86
237 87
237 88
237 89
237 90
237 91
237 92
237 93
237 94
237 95
237 96
237 97
237 98
237 99
237 100
237 220
237 221
237 222
237 223
237 224
237 225
237 226
237 227
237 228
237 229
237 230
237 231
237 232
237 233
237 234
238 84
238 85
238 86
238 87
238 88
238 89
238 90
238 91
238 92
238 93
238 94
238 95
238 96
238 97
238 98
238 99
238 100
238 220
238 221
238 222
238 223
238 224
238 225
238 226
238 227
238 228
238 229
238 230
238 231
238 232
238 233
238 234
239 84
239 85
239 86
239 87
239 88
239 89
239 90
239 91
239 92
239 93
239 94
239 95
239 96
239 97
239 98
239 99
239 100
239 219
239 220
239 221
239 222
239 223
239 224
239 225
239 226
239 227
239 228
239 229
239 230
239 231
239 232
239 233
239 234
239 235
240 84
240 85
240 86
240 87
240 88
240 89
240 90
240 91
240 92
240 93
240 94
240 95
240 96
240 97
240 98
240 99
240 219
240 220
240 221
240 222
240 223
240 224
240 225
240 226
240 227
240 228
240 229
240 230
240 231
240 232
240 233
240 234
240 235
241 85
241 86
241 87
241 88
241 89
241 90
241 91
241 92
241 93
241 94
241 95
241 96
241 97
241 98
241 99
241 219
241 220
241 221
241 222
241 223
241 224
241 225
241 226
241 227
241 228
241 229
241 230
241 231
241 232
241 233
241 234
241 235
242 85
242 86
242 87
242 88
242 89
242 90
242 91
242 92
242 93
242 94
242 95
242 96
242 97
242 98
242 99
242 219
242 220
242 221
242 222
242 223
242 224
242 225
242 226
242 227
242 228
242 229
242 230
242 231
242 232
242 233
242 234
242 235
242 236
243 85
243 86
243 87
243 88
243 89
243 90
243 91
243 92
243 93
243 94
243 95
243 96
243 97
243 98
243 99
243 218
243 219
243 220
243 221
243 222
243 223
243 224
243 225
243 226
243 227
243 228
243 229
243 230
243 231
243 232
243 233
243 234
243 235
243 236
244 85
244 86
244 87
244 88
244 89
244 90
244 91
244 92
244 93
244 94
244 95
244 96
244 97
244 98
244 218
244 219
244 220
244 221
244 222
244 223
244 224
244 225
244 226
244 227
244 228
244 229
244 230
244 231
244 232
244 233
244 234
244 235
244 236
245 86
245 87
245 88
245 89
245 90
245 91
245 92
245 93
245 94
245 95
245 96
245 97
245 98
245 218
245 219
245 220
245 221
245 222
245 223
245 224
245 225
245 226
245 227
245 228
245 229
245 230
245 231
245 232
245 233
245 234
245 235
245 236
246 86
246 87
246 88
246 89
246 90
246 91
246 92
246 93
246 94
246 95
246 96
246 97
246 98
246 217
246 218
246 219
246 220
246 221
246 222
246 223
246 224
246 225
246 226
246 227
246 228
246 229
246 230
246 231
246 232
246 233
246 234
246 235
246 236
246 237
247 86
247 87
247 88
247 89
247 90
247 91
247 92
247 93
247 94
247 95
247 96
247 97
247 217
247 218
247 219
247 220
247 221
247 222
247 223
247 224
247 225
247 226
247 227
247 228
247 229
247 230
247 231
247 232
247 233
247 234
247 235
247 236
247 237
248 87
248 88
248 89
248 90
248 91
248 92
248 93
248 94
248 95
248 96
248 97
248 217
248 218
248 219
248 220
248 221
248 222
248 223
248 224
248 225
248 226
248 227
248 228
248 229
248 230
248 231
248 232
248 233
248 234
248 235
248 236
248 237
249 87
249 88
249 89
249 90
249 91
249 92
249 93
249 94
249 95
249 96
249 97
249 216
249 217
249 218
249 219
249 220
249 221
249 222
249 223
249 224
249 225
249 226
249 227
249 228
249 229
249 230
249 231
249 232
249 233
249 234
249 235
249 236
249 237
249 238
250 87
250 88
250 89
250 90
250 91
250 92
250 93
250 94
250 95
250 96
250 97
250 216
250 217
250 218
250 219
250 220
250 221
250 222
250 223
250 224
250 225
250 226
250 227
250 228
250 229
250 230
250 231
250 232
250 233
250 234
250 235
250 236
250 237
250 238
251 88
251 89
251 90
251 91
251 92
251 93
251 94
251 95
251 96
251 216
251 217
251 218
251 219
251 220
251 221
251 222
251 223
251 224
251 225
251 226
251 227
251 228
251 229
251 230
251 231
251 232
251 233
251 234
251 235
251 236
251 237
251 238
252 88
252 89
252 90
252 91
252 92
252 93
252 94
252 95
252 96
252 216
252 217
252 218
252 219
252 220
252 221
252 222
252 223
252 224
252 225
252 226
252 227
252 228
252 229
252 230
252 231
252 232
252 233
252 234
252 235
252 236
252 237
252 238
252 239
253 88
253 89
253 90
253 91
253 92
253 93
253 94
253 95
253 96
253 215
253 216
253 217
253 218
253 219
253 220
253 221
253 222
253 223
253 224
253 225
253 226
253 227
253 228
253 229
253 230
253 231
253 232
253 233
253 234
253 235
253 236
253 237
253 238
253 239
254 88
254 89
254 90
254 91
254 92
254 93
254 94
254 95
254 96
254 215
254 216
254 217
254 218
254 219
254 220
254 221
254 222
254 223
254 224
254 225
254 226
254 227
254 228
254 229
254 230
254 231
254 232
254 233
254 234
254 235
254 236
254 237
254 238
254 239
255 89
255 90
255 91
255 92
255 93
255 94
255 95
255 215
255 216
255 217
255 218
255 219
255 220
255 221
255 222
255 223
255 224
255 225
255 226
255 227
255 228
255 229
255 230
255 231
255 232
255 233
255 234
255 235
255 236
255 237
255 238
255 239
256 89
256 90
256 91
256 92
256 93
256 94
256 95
256 214
256 215
256 216
256 217
256 218
256 219
256 220
256 221
256 222
256 223
256 224
256 225
256 226
256 227
256 228
256 229
256 230
256 231
256 232
256 233
256 234
256 235
256 236
256 237
256 238
256 239
256 240
257 89
257 90
257 91
257 92
257 93
257 94
257 95
257 214
257 215
257 216
257 217
257 218
257 219
257 220
257 221
257 222
257 223
257 224
257 225
257 226
257 227
257 228
257 229
257 230
257 231
257 232
257 233
257 234
257 235
257 236
257 237
257 238
257 239
257 240
258 90
258 91
258 92
258 93
258 94
258 214
258 215
258 216
258 217
258 218
258 219
258 220
258 221
258 222
258 223
258 224
258 225
258 226
258 227
258 228
258 229
258 230
258 231
258 232
258 233
258 234
258 235
258 236
258 237
258 238
258 239
258 240
259 90
259 91
259 92
259 93
259 94
259 213
259 214
259 215
259 216
259 217
259 218
259 219
259 220
259 221
259 222
259 223
259 224
259 225
259 226
259 227
259 228
259 229
259 230
259 231
259 232
259 233
259 234
259 235
259 236
259 237
259 238
259 239
259 240
259 241
260 90
260 91
260 92
260 93
260 94
260 213
260 214
260 215
260 216
260 217
260 218
260 219
260 220
260 221
260 222
260 223
260 224
260 225
260 226
260 227
260 228
260 229
260 230
260 231
260 232
260 233
260 234
260 235
260 236
260 237
260 238
260 239
260 240
260 241
261 91
261 92
261 93
261 213
261 214
261 215
261 216
261 217
261 218
261 219
261 220
261 221
261 222
261 223
261 224
261 225
261 226
261 227
261 228
261 229
261 230
261 231
261 232
261 233
261 234
261 235
261 236
261 237
261 238
261 239
261 240
261 241
262 212
262 213
262 214
262 215
262 216
262 217
262 218
262 219
262 220
262 221
262 222
262 223
262 224
262 225
262 226
262 227
262 228
262 229
262 230
262 231
262 232
262 233
262 234
262 235
262 236
262 237
262 238
262 239
262 240
262 241
262 242
263 212
263 213
263 214
263 215
263 216
263 217
263 218
263 219
263 220
263 221
263 222
263 223
263 224
263 225
263 226
263 227
263 228
263 229
263 230
263 231
263 232
263 233
263 234
263 235
263 236
263 237
263 238
263 239
263 240
263 241
263 242
264 212
264 213
264 214
264 215
264 216
264 217
264 218
264 219
264 220
264 221
264 222
264 223
264 224
264 225
264 226
264 227
264 228
264 229
264 230
264 231
264 232
264 233
264 234
264 235
264 236
264 237
264 238
264 239
264 240
264 241
264 242
265 212
265 213
265 214
265 215
265 216
265 217
265 218
265 219
265 220
265 221
265 222
265 223
265 224
265 225
265 226
265 227
265 228
265 229
265 230
265 231
265 232
265 233
265 234
265 235
265 236
265 237
265 238
265 239
265 240
265 241
265 242
265 243
266 211
266 212
266 213
266 214
266 215
266 216
266 217
266 218
266 219
266 220
266 221
266 222
266 223
266 224
266 225
266 226
266 227
266 228
266 229
266 230
266 231
266 232
266 233
266 234
266 235
266 236
266 237
266 238
266 239
266 240
266 241
266 242
266 243
267 211
267 212
267 213
267 214
267 215
267 216
267 217
267 218
267 219
267 220
267 221
267 222
267 223
267 224
267 225
267 226
267 227
267 228
267 229
267 230
267 231
267 232
267 233
267 234
267 235
267 236
267 237
267 238
267 239
267 240
267 241
267 242
267 243
268 211
268 212
268 213
268 214
268 215
268 216
268 217
268 218
268 219
268 220
268 221
268 222
268 223
268 224
268 225
268 226
268 227
268 228
268 229
268 230
268 231
268 232
268 233
268 234
268 235
268 236
268 237
268 238
268 239
268 240
268 241
268 242
268 243
269 210
269 211
269 212
269 213
269 214
269 215
269 216
269 217
269 218
269 219
269 220
269 221
269 222
269 223
269 224
269 225
269 226
269 227
269 228
269 229
269 230
269 231
269 232
269 233
269 234
269 235
269 236
269 237
269 238
269 239
269 240
269 241
269 242
269 243
269 244
270 210
270 211
270 212
270 213
270 214
270 215
270 216
270 217
270 218
270 219
270 220
270 221
270 222
270 223
270 224
270 225
270 226
270 227
270 228
270 229
270 230
270 231
270 232
270 233
270 234
270 235
270 236
270 237
270 238
270 239
270 240
270 241
270 242
270 243
270 244
271 210
271 211
271 212
271 213
271 214
271 215
271 216
271 217
271 218
271 219
271 220
271 221
271 222
271 223
271 224
271 225
271 226
271 227
271 228
271 229
271 230
271 231
271 232
271 233
271 234
271 235
271 236
271 237
271 238
271 239
271 240
271 241
271 242
271 243
271 244
272 209
272 210
272 211
272 212
272 213
272 214
272 215
272 216
272 217
272 218
272 219
272 220
272 221
272 222
272 223
272 224
272 225
272 226
272 227
272 228
272 229
272 230
272 231
272 232
272 233
272 234
272 235
272 236
272 237
272 238
272 239
272 240
272 241
272 242
272 243
272 244
272 245
273 209
273 210
273 211
273 212
273 213
273 214
273 215
273 216
273 217
273 218
273 219
273 220
273 221
273 222
273 223
273 224
273 225
273 226
273 227
273 228
273 229
273 230
273 231
273 232
273 233
273 234
273 235
273 236
273 237
273 238
273 239
273 240
273 241
273 242
273 243
273 244
273 245
274 209
274 210
274 211
274 212
274 213
274 214
274 215
274 216
274 217
274 218
274 219
274 220
274 221
274 222
274 223
274 224
274 225
274 226
274 227
274 228
274 229
274 230
274 231
274 232
274 233
274 234
274 235
274 236
274 237
274 238
274 239
274 240
274 241
274 242
274 243
274 244
274 245
275 209
275 210
275 211
275 212
275 213
275 214
275 215
275 216
275 217
275 218
275 219
275 220
275 221
275 222
275 223
275 224
275 225
275 226
275 227
275 228
275 229
275 230
275 231
275 232
275 233
275 234
275 235
275 236
275 237
275 238
275 239
275 240
275 241
275 242
275 243
275 244
275 245
275 246
276 206
276 207
276 208
276 209
276 210
276 211
276 212
276 213
276 214
276 215
276 216
276 217
276 218
276 219
276 220
276 221
276 222
276 223
276 224
276 225
276 226
276 227
276 228
276 229
276 230
276 231
276 232
276 233
276 234
276 235
276 236
276 237
276 238
276 239
276 240
276 241
276 242
276 243
276 244
276 245
276 246
276 247
276 248
277 203
277 204
277 205
277 206
277 207
277 208
277 209
277 210
277 211
277 212
277 213
277 214
277 215
277 216
277 217
277 218
277 219
277 220
277 221
277 222
277 223
277 224
277 225
277 226
277 227
277 228
277 229
277 230
277 231
277 232
277 233
277 234
277 235
277 236
277 237
277 238
277 239
277 240
277 241
277 242
277 243
277 244
277 245
277 246
277 247
277 248
277 249
277 250
277 251
278 200
278 201
278 202
278 203
278 204
278 205
278 206
278 207
278 208
278 209
278 210
278 211
278 212
278 213
278 214
278 215
278 216
278 217
278 218
278 219
278 220
278 221
278 222
278 223
278 224
278 225
278 226
278 227
278 228
278 229
278 230
278 231
278 232
278 233
278 234
278 235
278 236
278 237
278 238
278 239
278 240
278 241
278 242
278 243
278 244
278 245
278 246
278 247
278 248
278 249
278 250
278 251
278 252
278 253
278 254
279 197
279 198
279 199
279 200
279 201
279 202
279 203
279 204
279 205
279 206
279 207
279 208
279 209
279 210
279 211
279 212
279 213
279 214
279 215
279 216
279 217
279 218
279 219
279 220
279 221
279 222
279 223
279 224
279 225
279 226
279 227
279 228
279 229
279 230
279 231
279 232
279 233
279 234
279 235
279 236
279 237
279 238
279 239
279 240
279 241
279 242
279 243
279 244
279 245
279 246
279 247
279 248
279 249
279 250
279 251
279 252
279 253
279 254
279 255
279 256
279 257
280 194
280 195
280 196
280 197
280 198
280 199
280 200
280 201
280 202
280 203
280 204
280 205
280 206
280 207
280 208
280 209
280 210
280 211
280 212
280 213
280 214
280 215
280 216
280 217
280 218
280 219
280 220
280 221
280 222
280 223
280 224
280 225
280 226
280 227
280 228
280 229
280 230
280 231
280 232
280 233
280 234
280 235
280 236
280 237
280 238
280 239
280 240
280 241
280 242
280 243
280 244
280 245
280 246
280 247
280 248
280 249
280 250
280 251
280 252
280 253
280 254
280 255
280 256
280 257
280 258
280 259
280 260
281 191
281 192
281 193
281 194
281 195
281 196
281 197
281 198
281 199
281 200
281 201
281 202
281 203
281 204
281 205
281 206
281 207
281 208
281 209
281 210
281 211
281 212
281 213
281 214
281 215
281 216
281 217
281 218
281 219
281 220
281 221
281 222
281 223
281 224
281 225
281 226
281 227
281 228
281 229
281 230
281 231
281 232
281 233
281 234
281 235
281 236
281 237
281 238
281 239
281 240
281 241
281 242
281 243
281 244
281 245
281 246
281 247
281 248
281 249
281 250
281 251
281 252
281 253
281 254
281 255
281 256
281 257
281 258
281 259
281 260
281 261
281 262
281 263
282 189
282 190
282 191
282 192
282 193
282 194
282 195
282 196
282 197
282 198
282 199
282 200
282 201
282 202
282 203
282 204
282 205
282 206
282 207
282 208
282 209
282 210
282 211
282 212
282 213
282 214
282 215
282 216
282 217
282 218
282 219
282 220
282 221
282 222
282 223
282 224
282 225
282 226
282 227
282 228
282 229
282 230
282 231
282 232
282 233
282 234
282 235
282 236
282 237
282 238
282 239
282 240
282 241
282 242
282 243
282 244
282 245
282 246
282 247
282 248
282 249
282 250
282 251
282 252
282 253
282 254
282 255
282 256
282 257
282 258
282 259
282 260
282 261
282 262
282 263
282 264
282 265
282 266
283 186
283 187
283 188
283 189
283 190
283 191
283 192
283 193
283 194
283 195
283 196
283 197
283 198
283 199
283 200
283 201
283 202
283 203
283 204
283 205
283 206
283 207
283 208
283 209
283 210
283 211
283 212
283 213
283 214
283 215
283 216
283 217
283 218
283 219
283 220
283 221
283 222
283 223
283 224
283 225
283 226
283 227
283 228
283 229
283 230
283 231
283 232
283 233
283 234
283 235
283 236
283 237
283 238
283 239
283 240
283 241
283 242
283 243
283 244
283 245
283 246
283 247
283 248
283 249
283 250
283 251
283 252
283 253
283 254
283 255
283 256
283 257
283 258
283 259
283 260
283 261
283 262
283 263
283 264
283 265
283 266
283 267
283 268
284 183
284 184
284 185
284 186
284 187
284 188
284 189
284 190
284 191
284 192
284 193
284 194
284 195
284 196
284 197
284 198
284 199
284 200
284 201
284 202
284 203
284 204
284 205
284 206
284 207
284 208
284 209
284 210
284 211
284 212
284 213
284 214
284 215
284 216
284 217
284 218
284 219
284 220
284 221
284 222
284 223
284 224
284 225
284 226
284 227
284 228
284 229
284 230
284 231
284 232
284 233
284 234
284 235
284 236
284 237
284 238
284 239
284 240
284 241
284 242
284 243
284 244
284 245
284 246
284 247
284 248
284 249
284 250
284 251
284 252
284 253
284 254
284 255
284 256
284 257
284 258
284 259
284 260
284 261
284 262
284 263
284 264
284 265
284 266
284 267
284 268
284 269
284 270
284 271
285 180
285 181
285 182
285 183
285 184
285 185
285 186
285 187
285 188
285 189
285 190
285 191
285 192
285 193
285 194
285 195
285 196
285 197
285 198
285 199
285 200
285 201
285 202
285 203
285 204
285 205
285 206
285 207
285 208
285 209
285 210
285 211
285 212
285 213
285 214
285 215
285 216
285 217
285 218
285 219
285 220
285 221
285 222
285 223
285 224
285 225
285 226
285 227
285 228
285 229
285 230
285 231
285 232
285 233
285 234
285 235
285 236
285 237
285 238
285 239
285 240
285 241
285 242
285 243
285 244
285 245
285 246
285 247
285 248
285 249
285 250
285 251
285 252
285 253
285 254
285 255
285 256
285 257
285 258
285 259
285 260
285 261
285 262
285 263
285 264
285 265
285 266
285 267
285 268
285 269
285 270
285 271
285 272
285 273
285 274
286 177
286 178
286 179
286 180
286 181
286 182
286 183
286 184
286 185
286 186
286 187
286 188
286 189
286 190
286 191
286 192
286 193
286 194
286 195
286 196
286 197
286 198
286 199
286 200
286 201
286 202
286 203
286 204
286 205
286 206
286 207
286 208
286 209
286 210
286 211
286 212
286 213
286 214
286 215
286 216
286 217
286 218
286 219
286 220
286 221
286 222
286 223
286 224
286 225
286 226
286 227
286 228
286 229
286 230
286 231
286 232
286 233
286 234
286 235
286 236
286 237
286 238
286 239
286 240
286 241
286 242
286 243
286 244
286 245
286 246
286 247
286 248
286 249
286 250
286 251
286 252
286 253
286 254
286 255
286 256
286 257
286 258
286 259
286 260
286 261
286 262
286 263
286 264
286 265
286 266
286 267
286 268
286 269
286 270
286 271
286 272
286 273
286 274
286 275
286 276
286 277
287 174
287 175
287 176
287 177
287 178
287 179
287 180
287 181
287 182
287 183
287 184
287 185
287 186
287 187
287 188
287 189
287 190
287 191
287 192
287 193
287 194
287 195
287 196
287 197
287 198
287 199
287 200
287 201
287 202
287 203
287 204
287 205
287 206
287 207
287 208
287 209
287 210
287 211
287 212
287 213
287 214
287 215
287 216
287 217
287 218
287 219
287 220
287 221
287 222
287 223
287 224
287 225
287 226
287 227
287 228
287 229
287 230
287 231
287 232
287 233
287 234
287 235
287 236
287 237
287 238
287 239
287 240
287 241
287 242
287 243
287 244
287 245
287 246
287 247
287 248
287 249
287 250
287 251
287 252
287 253
287 254
287 255
287 256
287 257
287 258
287 259
287 260
287 261
287 262
287 263
287 264
287 266
287 267
287 268
287 269
287 270
287 271
287 272
287 273
287 274
287 275
287 276
287 277
287 278
287 279
287 280
288 171
288 172
288 173
288 174
288 175
288 176
288 177
288 178
288 179
288 180
288 181
288 182
288 183
288 184
288 185
288 186
288 187
288 188
288 189
288 190
288 191
288 192
288 193
288 194
288 195
288 196
288 197
288 198
288 199
288 200
288 201
288 202
288 203
288 204
288 205
288 206
288 207
288 208
288 209
288 210
288 211
288 212
288 213
288 214
288 215
288 216
288 217
288 218
288 219
288 220
288 221
288 222
288 223
288 224
288 225
288 226
288 227
288 228
288 229
288 230
288 231
288 232
288 233
288 234
288 235
288 236
288 237
288 238
288 239
288 240
288 241
288 242
288 243
288 244
288 245
288 246
288 247
288 248
288 249
288 250
288 251
288 252
288 253
288 254
288 255
288 256
288 257
288 258
288 259
288 260
288 261
288 262
288 263
288 264
288 269
288 270
288 271
288 272
288 273
288 274
288 275
288 276
288 277
288 278
288 279
288 280
288 281
288 282
288 283
289 168
289 169
289 170
289 171
289 172
289 173
289 174
289 175
289 176
289 177
289 178
289 179
289 180
289 181
289 182
289 183
289 184
289 185
289 186
289 187
289 188
289 189
289 190
289 191
289 192
289 193
289 194
289 195
289 196
289 197
289 198
289 199
289 200
289 201
289 202
289 203
289 204
289 205
289 206
289 207
289 208
289 209
289 210
289 211
289 212
289 213
289 214
289 215
289 216
289 217
289 218
289 219
289 220
289 221
289 222
289 223
289 224
289 225
289 226
289 227
289 228
289 229
289 230
289 231
289 232
289 233
289 234
289 235
289 236
289 237
289 238
289 239
289 240
289 241
289 242
289 243
289 244
289 245
289 246
289 247
289 248
289 249
289 250
289 251
289 252
289 253
289 254
289 255
289 256
289 257
289 258
289 259
289 260
289 261
289 262
289 263
289 264
289 271
289 272
289 273
289 274
289 275
289 276
289 277
289 278
289 279
289 280
289 281
289 282
289 283
289 284
289 285
289 286
290 165
290 166
290 167
290 168
290 169
290 170
290 171
290 172
290 173
290 174
290 175
290 176
290 177
290 178
290 179
290 180
290 181
290 182
290 183
290 184
290 185
290 186
290 187
290 188
290 189
290 190
290 191
290 192
290 193
290 194
290 195
290 196
290 197
290 198
290 199
290 200
290 201
290 202
290 203
290 204
290 205
290 206
290 207
290 208
290 209
290 210
290 211
290 212
290 213
290 214
290 215
290 216
290 217
290 218
290 219
290 220
290 221
290 222
290 223
290 224
290 225
290 226
290 227
290 228
290 229
290 230
290 231
290 232
290 233
290 234
290 235
290 236
290 237
290 238
290 239
290 240
290 241
290 242
290 243
290 244
290 245
290 246
290 247
290 248
290 249
290 250
290 251
290 252
290 253
290 254
290 255
290 256
290 257
290 258
290 259
290 260
290 261
290 262
290 263
290 264
290 274
290 275
290 276
290 277
290 278
290 279
290 280
290 281
290 282
290 283
290 284
290 285
290 286
290 287
290 288
290 289
291 163
291 164
291 165
291 166
291 167
291 168
291 169
291 170
291 171
291 172
291 173
291 174
291 175
291 176
291 177
291 178
291 179
291 180
291 181
291 182
291 183
291 184
291 185
291 186
291 187
291 188
291 189
291 190
291 191
291 192
291 193
291 194
291 195
291 196
291 197
291 198
291 199
291 200
291 201
291 202
291 203
291 204
291 205
291 206
291 207
291 208
291 209
291 210
291 211
291 212
291 213
291 214
291 215
291 216
291 217
291 218
291 219
291 220
291 221
291 222
291 223
291 224
291 225
291 226
291 227
291 228
291 229
291 230
291 231
291 232
291 233
291 234
291 235
291 236
291 237
291 238
291 239
291 240
291 241
291 242
291 243
291 244
291 245
291 246
291 247
291 248
291 249
291 250
291 251
291 252
291 253
291 254
291 255
291 256
291 257
291 258
291 259
291 260
291 261
291 262
291 263
291 264
291 277
291 278
291 279
291 280
291 281
291 282
291 283
291 284
291 285
291 286
291 287
291 288
291 289
291 290
291 291
291 292
292 160
292 161
292 162
292 163
292 164
292 165
292 166
292 167
292 168
292 169
292 170
292 171
292 172
292 173
292 174
292 175
292 176
292 177
292 178
292 179
292 180
292 181
292 182
292 183
292 184
292 185
292 186
292 187
292 188
292 189
292 190
292 191
292 192
292 193
292 194
292 195
292 196
292 197
292 198
292 199
292 200
292 201
292 202
292 203
292 204
292 205
292 206
292 207
292 208
292 209
292 210
292 211
292 212
292 213
292 214
292 215
292 216
292 217
292 218
292 219
292 220
292 221
292 222
292 223
292 224
292 225
292 226
292 227
292 228
292 229
292 230
292 231
292 232
292 233
292 234
292 235
292 236
292 237
292 238
292 239
292 240
292 241
292 242
292 243
292 244
292 245
292 246
292 247
292 248
292 249
292 250
292 251
292 252
292 253
292 254
292 255
292 256
292 257
292 258
292 259
292 260
292 261
292 262
292 263
292 264
292 280
292 281
292 282
292 283
292 284
292 285
292 286
292 287
292 288
292 289
292 290
292 291
292 292
292 293
292 294
293 157
293 158
293 159
293 160
293 161
293 162
293 163
293 164
293 165
293 166
293 167
293 168
293 169
293 170
293 171
293 172
293 173
293 174
293 175
293 176
293 177
293 178
293 179
293 180
293 181
293 182
293 183
293 184
293 185
293 186
293 187
293 188
293 189
293 190
293 191
293 192
293 193
293 194
293 195
293 196
293 197
293 198
293 199
293 200
293 201
293 202
293 203
293 204
293 205
293 206
293 207
293 208
293 209
293 210
293 211
293 212
293 213
293 214
293 215
293 216
293 217
293 218
293 219
293 220
293 221
293 222
293 223
293 224
293 225
293 226
293 227
293 228
293 229
293 230
293 231
293 232
293 233
293 234
293 235
293 236
293 237
293 238
293 239
293 240
293 241
293 242
293 243
293 244
293 245
293 246
293 247
293 248
293 249
293 250
293 251
293 252
293 253
293 254
293 255
293 256
293 257
293 258
293 259
293 260
293 261
293 262
293 263
293 264
293 283
293 284
293 285
293 286
293 287
293 288
293 289
293 290
293 291
293 292
293 293
293 294
293 295
293 296
293 297
294 156
294 157
294 158
294 159
294 160
294 161
294 162
294 163
294 164
294 165
294 166
294 167
294 168
294 169
294 170
294 171
294 172
294 173
294 174
294 175
294 176
294 177
294 178
294 179
294 180
294 181
294 182
294 183
294 184
294 185
294 186
294 187
294 188
294 189
294 190
294 191
294 192
294 193
294 194
294 195
294 196
294 197
294 198
294 199
294 200
294 201
294 202
294 203
294 204
294 205
294 206
294 207
294 208
294 209
294 210
294 211
294 212
294 213
294 214
294 215
294 216
294 217
294 218
294 219
294 220
294 221
294 222
294 223
294 224
294 225
294 226
294 227
294 228
294 229
294 230
294 231
294 232
294 233
294 234
294 235
294 236
294 237
294 238
294 239
294 240
294 241
294 242
294 243
294 244
294 245
294 246
294 247
294 248
294 249
294 250
294 251
294 252
294 253
294 254
294 255
294 256
294 257
294 258
294 259
294 260
294 261
294 262
294 263
294 264
294 286
294 287
294 288
294 289
294 290
294 291
294 292
294 293
294 294
294 295
294 296
294 297
294 298
295 156
295 157
295 158
295 159
295 160
295 161
295 162
295 163
295 164
295 165
295 166
295 167
295 168
295 169
295 170
295 171
295 172
295 173
295 174
295 175
295 176
295 177
295 178
295 179
295 180
295 181
295 182
295 183
295 184
295 185
295 186
295 187
295 188
295 189
295 190
295 191
295 192
295 193
295 194
295 195
295 196
295 197
295 198
295 199
295 200
295 201
295 202
295 203
295 204
295 205
295 206
295 207
295 208
295 209
295 210
295 211
295 212
295 213
295 214
295 215
295 216
295 217
295 218
295 219
295 220
295 221
295 222
295 223
295 224
295 225
295 226
295 227
295 228
295 229
295 230
295 231
295 232
295 233
295 234
295 235
295 236
295 237
295 238
295 239
295 240
295 241
295 242
295 243
295 244
295 245
295 246
295 247
295 248
295 249
295 250
295 251
295 252
295 253
295 254
295 255
295 256
295 257
295 258
295 259
295 260
295 261
295 262
295 263
295 264
295 288
295 289
295 290
295 291
295 292
295 293
295 294
295 295
295 296
295 297
295 298
296 156
296 157
296 158
296 159
296 160
296 161
296 162
296 163
296 164
296 165
296 166
296 167
296 168
296 169
296 170
296 171
296 172
296 173
296 174
296 175
296 176
296 177
296 178
296 179
296 180
296 181
296 182
296 183
296 184
296 185
296 186
296 187
296 188
296 189
296 190
296 191
296 192
296 193
296 194
296 195
296 196
296 197
296 198
296 199
296 200
296 201
296 202
296 203
296 204
296 205
296 206
296 207
296 208
296 209
296 210
296 211
296 212
296 213
296 214
296 215
296 216
296 217
296 218
296 219
296 220
296 221
296 222
296 223
296 224
296 225
296 226
296 227
296 228
296 229
296 230
296 231
296 232
296 233
296 234
296 235
296 236
296 237
296 238
296 239
296 240
296 241
296 242
296 243
296 244
296 245
296 246
296 247
296 248
296 249
296 250
296 251
296 252
296 253
296 254
296 255
296 256
296 257
296 258
296 259
296 260
296 261
296 262
296 263
296 264
296 285
296 286
296 287
296 288
296 289
296 290
296 291
296 292
296 293
296 294
296 295
296 296
296 297
296 298
297 157
297 158
297 159
297 160
297 161
297 162
297 163
297 164
297 165
297 166
297 167
297 168
297 169
297 170
297 171
297 172
297 173
297 174
297 175
297 176
297 177
297 178
297 179
297 180
297 181
297 182
297 183
297 184
297 185
297 186
297 187
297 188
297 189
297 190
297 191
297 192
297 193
297 194
297 195
297 196
297 197
297 198
297 199
297 200
297 201
297 202
297 203
297 204
297 205
297 206
297 207
297 208
297 209
297 210
297 211
297 212
297 213
297 214
297 215
297 216
297 217
297 218
297 219
297 220
297 221
297 222
297 223
297 224
297 225
297 226
297 227
297 228
297 229
297 230
297 231
297 232
297 233
297 234
297 235
297 236
297 237
297 238
297 239
297 240
297 241
297 242
297 243
297 244
297 245
297 246
297 247
297 248
297 249
297 250
297 251
297 252
297 253
297 254
297 255
297 256
297 257
297 258
297 259
297 260
297 261
297 262
297 263
297 264
297 282
297 283
297 284
297 285
297 286
297 287
297 288
297 289
297 290
297 291
297 292
297 293
297 294
297 295
297 296
297 297
298 160
298 161
298 162
298 163
298 164
298 165
298 166
298 167
298 168
298 169
298 170
298 171
298 172
298 173
298 174
298 175
298 176
298 177
298 178
298 179
298 180
298 181
298 182
298 183
298 184
298 185
298 186
298 187
298 188
298 189
298 190
298 191
298 192
298 193
298 194
298 195
298 196
298 197
298 198
298 199
298 200
298 201
298 202
298 203
298 204
298 205
298 206
298 207
298 208
298 209
298 210
298 211
298 212
298 213
298 214
298 215
298 216
298 217
298 218
298 219
298 220
298 221
298 222
298 223
298 224
298 225
298 226
298 227
298 228
298 229
298 230
298 231
298 232
298 233
298 234
298 235
298 236
298 237
298 238
298 239
298 240
298 241
298 242
298 243
298 244
298 245
298 246
298 247
298 248
298 249
298 250
298 251
298 252
298 253
298 254
298 255
298 256
298 257
298 258
298 259
298 260
298 261
298 262
298 263
298 264
298 279
298 280
298 281
298 282
298 283
298 284
298 285
298 286
298 287
298 288
298 289
298 290
298 291
298 292
298 293
298 294
299 163
299 164
299 165
299 166
299 167
299 168
299 169
299 170
299 171
299 172
299 173
299 174
299 175
299 176
299 177
299 178
299 179
299 180
299 181
299 182
299 183
299 184
299 185
299 186
299 187
299 188
299 189
299 190
299 191
299 192
299 193
299 194
299 195
299 196
299 197
299 198
299 199
299 200
299 201
299 202
299 203
299 204
299 205
299 206
299 207
299 208
299 209
299 210
299 211
299 212
299 213
299 214
299 215
299 216
299 217
299 218
299 219
299 220
299 221
299 222
299 223
299 224
299 225
299 226
299 227
299 228
299 229
299 230
299 231
299 232
299 233
299 234
299 235
299 236
299 237
299 238
299 239
299 240
299 241
299 242
299 243
299 244
299 245
299 246
299 247
299 248
299 249
299 250
299 251
299 252
299 253
299 254
299 255
299 256
299 257
299 258
299 259
299 260
299 261
299 262
299 263
299 264
299 276
299 277
299 278
299 279
299 280
299 281
299 282
299 283
299 284
299 285
299 286
299 287
299 288
299 289
299 290
299 291
300 166
300 167
300 168
300 169
300 170
300 171
300 172
300 173
300 174
300 175
300 176
300 177
300 178
300 179
300 180
300 181
300 182
300 183
300 184
300 185
300 186
300 187
300 188
300 189
300 190
300 191
300 192
300 193
300 194
300 195
300 196
300 197
300 198
300 199
300 200
300 201
300 202
300 203
300 204
300 205
300 206
300 207
300 208
300 209
300 210
300 211
300 212
300 213
300 214
300 215
300 216
300 217
300 218
300 219
300 220
300 221
300 222
300 223
300 224
300 225
300 226
300 227
300 228
300 229
300 230
300 231
300 232
300 233
300 234
300 235
300 236
300 237
300 238
300 239
300 240
300 241
300 242
300 243
300 244
300 245
300 246
300 273
300 274
300 275
300 276
300 277
300 278
300 279
300 280
300 281
300 282
300 283
300 284
300 285
300 286
300 287
300 288
301 169
301 170
301 171
301 172
301 173
301 174
301 175
301 176
301 177
301 178
301 179
301 180
301 181
301 182
301 183
301 184
301 185
301 186
301 187
301 188
301 189
301 190
301 191
301 192
301 193
301 194
301 195
301 196
301 197
301 198
301 199
301 200
301 201
301 202
301 203
301 204
301 205
301 206
301 207
301 208
301 209
301 210
301 211
301 212
301 213
301 214
301 215
301 216
301 217
301 218
301 219
301 220
301 221
301 222
301 223
301 224
301 225
301 226
301 227
301 228
301 229
301 230
301 231
301 232
301 233
301 234
301 235
301 236
301 237
301 238
301 239
301 240
301 241
301 242
301 243
301 244
301 245
301 270
301 271
301 272
301 273
301 274
301 275
301 276
301 277
301 278
301 279
301 280
301 281
301 282
301 283
301 284
301 285
302 172
302 173
302 174
302 175
302 176
302 177
302 178
302 179
302 180
302 181
302 182
302 183
302 184
302 185
302 186
302 187
302 188
302 189
302 190
302 191
302 192
302 193
302 194
302 195
302 196
302 197
302 198
302 199
302 200
302 201
302 202
302 203
302 204
302 205
302 206
302 207
302 208
302 209
302 210
302 211
302 212
302 213
302 214
302 215
302 216
302 217
302 218
302 219
302 220
302 221
302 222
302 223
302 224
302 225
302 226
302 227
302 228
302 229
302 230
302 231
302 232
302 233
302 234
302 235
302 236
302 237
302 238
302 239
302 240
302 241
302 242
302 243
302 244
302 245
302 267
302 268
302 269
302 270
302 271
302 272
302 273
302 274
302 275
302 276
302 277
302 278
302 279
302 280
302 281
302 282
303 175
303 176
303 177
303 178
303 179
303 180
303 181
303 182
303 183
303 184
303 185
303 186
303 187
303 188
303 189
303 190
303 191
303 192
303 193
303 194
303 195
303 196
303 197
303 198
303 199
303 200
303 201
303 202
303 203
303 204
303 205
303 206
303 207
303 208
303 209
303 210
303 211
303 212
303 213
303 214
303 215
303 216
303 217
303 218
303 219
303 220
303 221
303 222
303 223
303 224
303 225
303 226
303 227
303 228
303 229
303 230
303 231
303 232
303 233
303 234
303 235
303 236
303 237
303 238
303 239
303 240
303 241
303 242
303 243
303 244
303 245
303 264
303 265
303 266
303 267
303 268
303 269
303 270
303 271
303 272
303 273
303 274
303 275
303 276
303 277
303 278
303 279
304 178
304 179
304 180
304 181
304 182
304 183
304 184
304 185
304 186
304 187
304 188
304 189
304 190
304 191
304 192
304 193
304 194
304 195
304 196
304 197
304 198
304 199
304 200
304 201
304 202
304 203
304 204
304 205
304 206
304 207
304 208
304 209
304 210
304 211
304 212
304 213
304 214
304 215
304 216
304 217
304 218
304 219
304 220
304 221
304 222
304 223
304 224
304 225
304 226
304 227
304 228
304 229
304 230
304 231
304 232
304 233
304 234
304 235
304 236
304 237
304 238
304 239
304 240
304 241
304 242
304 243
304 244
304 245
304 246
304 261
304 262
304 263
304 264
304 265
304 266
304 267
304 268
304 269
304 270
304 271
304 272
304 273
304 274
304 275
304 276
305 181
305 182
305 183
305 184
305 185
305 186
305 187
305 188
305 189
305 190
305 191
305 192
305 193
305 194
305 195
305 196
305 197
305 198
305 199
305 200
305 201
305 202
305 203
305 204
305 205
305 206
305 207
305 208
305 209
305 210
305 211
305 212
305 213
305 214
305 215
305 216
305 217
305 218
305 219
305 220
305 221
305 222
305 223
305 224
305 225
305 226
305 227
305 228
305 229
305 230
305 231
305 232
305 233
305 234
305 235
305 236
305 237
305 238
305 239
305 240
305 241
305 242
305 243
305 244
305 245
305 246
305 247
305 258
305 259
305 260
305 261
305 262
305 263
305 264
305 265
305 266
305 267
305 268
305 269
305 270
305 271
305 272
305 273
306 184
306 185
306 186
306 187
306 188
306 189
306 190
306 191
306 192
306 193
306 194
306 195
306 196
306 197
306 198
306 199
306 200
306 201
306 202
306 203
306 204
306 205
306 206
306 207
306 208
306 209
306 210
306 211
306 212
306 213
306 214
306 215
306 216
306 217
306 218
306 219
306 220
306 221
306 222
306 223
306 224
306 225
306 226
306 227
306 228
306 229
306 230
306 231
306 232
306 233
306 234
306 235
306 236
306 237
306 238
306 239
306 240
306 241
306 242
306 243
306 244
306 245
306 246
306 247
306 255
306 256
306 257
306 258
306 259
306 260
306 261
306 262
306 263
306 264
306 265
306 266
306 267
306 268
306 269
306 270
307 187
307 188
307 189
307 190
307 191
307 192
307 193
307 194
307 195
307 196
307 197
307 198
307 199
307 200
307 201
307 202
307 203
307 204
307 205
307 206
307 207
307 208
307 209
307 210
307 211
307 212
307 213
307 214
307 215
307 216
307 217
307 218
307 219
307 220
307 221
307 222
307 223
307 224
307 225
307 226
307 227
307 228
307 229
307 230
307 231
307 232
307 233
307 234
307 235
307 236
307 237
307 238
307 239
307 240
307 241
307 242
307 243
307 244
307 245
307 246
307 247
307 248
307 252
307 253
307 254
307 255
307 256
307 257
307 258
307 259
307 260
307 261
307 262
307 263
307 264
307 265
307 266
307 267
308 190
308 191
308 192
308 193
308 194
308 195
308 196
308 197
308 198
308 199
308 200
308 201
308 202
308 203
308 204
308 205
308 206
308 207
308 208
308 209
308 210
308 211
308 212
308 213
308 214
308 215
308 216
308 217
308 218
308 219
308 220
308 221
308 222
308 223
308 224
308 225
308 226
308 227
308 228
308 229
308 230
308 231
308 232
308 233
308 234
308 235
308 236
308 237
308 238
308 239
308 240
308 241
308 242
308 243
308 244
308 245
308 246
308 247
308 248
308 249
308 250
308 251
308 252
308 253
308 254
308 255
308 256
308 257
308 258
308 259
308 260
308 261
308 262
308 263
308 264
309 193
309 194
309 195
309 196
309 197
309 198
309 199
309 200
309 201
309 202
309 203
309 204
309 205
309 206
309 207
309 208
309 209
309 210
309 211
309 212
309 213
309 214
309 215
309 216
309 217
309 218
309 219
309 220
309 221
309 222
309 223
309 224
309 225
309 226
309 227
309 228
309 229
309 230
309 231
309 232
309 233
309 234
309 235
309 236
309 237
309 238
309 239
309 240
309 241
309 242
309 243
309 244
309 245
309 246
309 247
309 248
309 249
309 250
309 251
309 252
309 253
309 254
309 255
309 256
309 257
309 258
309 259
309 260
309 261
310 196
310 197
310 198
310 199
310 200
310 201
310 202
310 203
310 204
310 205
310 206
310 207
310 208
310 209
310 210
310 211
310 212
310 213
310 214
310 215
310 216
310 217
310 218
310 219
310 220
310 221
310 222
310 223
310 224
310 225
310 226
310 227
310 228
310 229
310 230
310 231
310 232
310 233
310 234
310 235
310 236
310 237
310 238
310 239
310 240
310 241
310 242
310 243
310 244
310 245
310 246
310 247
310 248
310 249
310 250
310 251
310 252
310 253
310 254
310 255
310 256
310 257
310 258
311 199
311 200
311 201
311 202
311 203
311 204
311 205
311 206
311 207
311 208
311 209
311 210
311 211
311 212
311 213
311 214
311 215
311 216
311 217
311 218
311 219
311 220
311 221
311 222
311 223
311 224
311 225
311 226
311 227
311 228
311 229
311 230
311 231
311 232
311 233
311 234
311 235
311 236
311 237
311 238
311 239
311 240
311 241
311 242
311 243
311 244
311 245
311 246
311 247
311 248
311 249
311 250
311 251
311 252
311 253
311 254
311 255
312 202
312 203
312 204
312 205
312 206
312 207
312 208
312 209
312 210
312 211
312 212
312 213
312 214
312 215
312 216
312 217
312 218
312 219
312 220
312 221
312 222
312 223
312 224
312 225
312 226
312 227
312 228
312 229
312 230
312 231
312 232
312 233
312 234
312 235
312 236
312 237
312 238
312 239
312 240
312 241
312 242
312 243
312 244
312 245
312 246
312 247
312 248
312 249
312 250
312 251
312 252
313 206
313 207
313 208
313 209
313 210
313 211
313 212
313 213
313 214
313 215
313 216
313 217
313 218
313 219
313 220
313 221
313 222
313 223
313 224
313 225
313 226
313 227
313 228
313 229
313 230
313 231
313 232
313 233
313 234
313 235
313 236
313 237
313 238
313 239
313 240
313 241
313 242
313 243
313 244
313 245
313 246
313 247
313 248
313 249
314 209
314 210
314 211
314 212
314 213
314 214
314 215
314 216
314 217
314 218
314 219
314 220
314 221
314 222
314 223
314 224
314 225
314 226
314 227
314 228
314 229
314 230
314 231
314 232
314 233
314 234
314 235
314 236
314 237
314 238
314 239
314 240
314 241
314 242
314 243
314 244
314 245
314 246
315 209
315 210
315 211
315 212
315 213
315 214
315 215
315 216
315 217
315 218
315 219
315 220
315 221
315 222
315 223
315 224
315 225
315 226
315 227
315 228
315 229
315 230
315 231
315 232
315 233
315 234
315 235
315 236
315 237
315 238
315 239
315 240
315 241
315 242
315 243
315 244
315 245
316 209
316 210
316 211
316 212
316 213
316 214
316 215
316 216
316 217
316 218
316 219
316 220
316 221
316 222
316 223
316 224
316 225
316 226
316 227
316 228
316 229
316 230
316 231
316 232
316 233
316 234
316 235
316 236
316 237
316 238
316 239
316 240
316 241
316 242
316 243
316 244
316 245
317 209
317 210
317 211
317 212
317 213
317 214
317 215
317 216
317 217
317 218
317 219
317 220
317 221
317 222
317 223
317 224
317 225
317 226
317 227
317 228
317 229
317 230
317 231
317 232
317 233
317 234
317 235
317 236
317 237
317 238
317 239
317 240
317 241
317 242
317 243
317 244
317 245
318 210
318 211
318 212
318 213
318 214
318 215
318 216
318 217
318 218
318 219
318 220
318 221
318 222
318 223
318 224
318 225
318 226
318 227
318 228
318 229
318 230
318 231
318 232
318 233
318 234
318 235
318 236
318 237
318 238
318 239
318 240
318 241
318 242
318 243
318 244
319 210
319 211
319 212
319 213
319 214
319 215
319 216
319 217
319 218
319 219
319 220
319 221
319 222
319 223
319 224
319 225
319 226
319 227
319 228
319 229
319 230
319 231
319 232
319 233
319 234
319 235
319 236
319 237
319 238
319 239
319 240
319 241
319 242
319 243
319 244
320 210
320 211
320 212
320 213
320 214
320 215
320 216
320 217
320 218
320 219
320 220
320 221
320 222
320 223
320 224
320 225
320 226
320 227
320 228
320 229
320 230
320 231
320 232
320 233
320 234
320 235
320 236
320 237
320 238
320 239
320 240
320 241
320 242
320 243
320 244
321 211
321 212
321 213
321 214
321 215
321 216
321 217
321 218
321 219
321 220
321 221
321 222
321 223
321 224
321 225
321 226
321 227
321 228
321 229
321 230
321 231
321 232
321 233
321 234
321 235
321 236
321 237
321 238
321 239
321 240
321 241
321 242
321 243
322 211
322 212
322 213
322 214
322 215
322 216
322 217
322 218
322 219
322 220
322 221
322 222
322 223
322 224
322 225
322 226
322 227
322 228
322 229
322 230
322 231
322 232
322 233
322 234
322 235
322 236
322 237
322 238
322 239
322 240
322 241
322 242
322 243
323 211
323 212
323 213
323 214
323 215
323 216
323 217
323 218
323 219
323 220
323 221
323 222
323 223
323 224
323 225
323 226
323 227
323 228
323 229
323 230
323 231
323 232
323 233
323 234
323 235
323 236
323 237
323 238
323 239
323 240
323 241
323 242
323 243
324 212
324 213
324 214
324 215
324 216
324 217
324 218
324 219
324 220
324 221
324 222
324 223
324 224
324 225
324 226
324 227
324 228
324 229
324 230
324 231
324 232
324 233
324 234
324 235
324 236
324 237
324 238
324 239
324 240
324 241
324 242
324 243
325 212
325 213
325 214
325 215
325 216
325 217
325 218
325 219
325 220
325 221
325 222
325 223
325 224
325 225
325 226
325 227
325 228
325 229
325 230
325 231
325 232
325 233
325 234
325 235
325 236
325 237
325 238
325 239
325 240
325 241
325 242
326 212
326 213
326 214
326 215
326 216
326 217
326 218
326 219
326 220
326 221
326 222
326 223
326 224
326 225
326 226
326 227
326 228
326 229
326 230
326 231
326 232
326 233
326 234
326 235
326 236
326 237
326 238
326 239
326 240
326 241
326 242
327 212
327 213
327 214
327 215
327 216
327 217
327 218
327 219
327 220
327 221
327 222
327 223
327 224
327 225
327 226
327 227
327 228
327 229
327 230
327 231
327 232
327 233
327 234
327 235
327 236
327 237
327 238
327 239
327 240
327 241
327 242
328 213
328 214
328 215
328 216
328 217
328 218
328 219
328 220
328 221
328 222
328 223
328 224
328 225
328 226
328 227
328 228
328 229
328 230
328 231
328 232
328 233
328 234
328 235
328 236
328 237
328 238
328 239
328 240
328 241
329 213
329 214
329 215
329 216
329 217
329 218
329 219
329 220
329 221
329 222
329 223
329 224
329 225
329 226
329 227
329 228
329 229
329 230
329 231
329 232
329 233
329 234
329 235
329 236
329 237
329 238
329 239
329 240
329 241
330 213
330 214
330 215
330 216
330 217
330 218
330 219
330 220
330 221
330 222
330 223
330 224
330 225
330 226
330 227
330 228
330 229
330 230
330 231
330 232
330 233
330 234
330 235
330 236
330 237
330 238
330 239
330 240
330 241
331 214
331 215
331 216
331 217
331 218
331 219
331 220
331 221
331 222
331 223
331 224
331 225
331 226
331 227
331 228
331 229
331 230
331 231
331 232
331 233
331 234
331 235
331 236
331 237
331 238
331 239
331 240
332 214
332 215
332 216
332 217
332 218
332 219
332 220
332 221
332 222
332 223
332 224
332 225
332 226
332 227
332 228
332 229
332 230
332 231
332 232
332 233
332 234
332 235
332 236
332 237
332 238
332 239
332 240
333 214
333 215
333 216
333 217
333 218
333 219
333 220
333 221
333 222
333 223
333 224
333 225
333 226
333 227
333 228
333 229
333 230
333 231
333 232
333 233
333 234
333 235
333 236
333 237
333 238
333 239
333 240
334 215
334 216
334 217
334 218
334 219
334 220
334 221
334 222
334 223
334 224
334 225
334 226
334 227
334 228
334 229
334 230
334 231
334 232
334 233
334 234
334 235
334 236
334 237
334 238
334 239
335 215
335 216
335 217
335 218
335 219
335 220
335 221
335 222
335 223
335 224
335 225
335 226
335 227
335 228
335 229
335 230
335 231
335 232
335 233
335 234
335 235
335 236
335 237
335 238
335 239
336 215
336 216
336 217
336 218
336 219
336 220
336 221
336 222
336 223
336 224
336 225
336 226
336 227
336 228
336 229
336 230
336 231
336 232
336 233
336 234
336 235
336 236
336 237
336 238
336 239
337 215
337 216
337 217
337 218
337 219
337 220
337 221
337 222
337 223
337 224
337 225
337 226
337 227
337 228
337 229
337 230
337 231
337 232
337 233
337 234
337 235
337 236
337 237
337 238
337 239
338 216
338 217
338 218
338 219
338 220
338 221
338 222
338 223
338 224
338 225
338 226
338 227
338 228
338 229
338 230
338 231
338 232
338 233
338 234
338 235
338 236
338 237
338 238
339 216
339 217
339 218
339 219
339 220
339 221
339 222
339 223
339 224
339 225
339 226
339 227
339 228
339 229
339 230
339 231
339 232
339 233
339 234
339 235
339 236
339 237
339 238
340 216
340 217
340 218
340 219
340 220
340 221
340 222
340 223
340 224
340 225
340 226
340 227
340 228
340 229
340 230
340 231
340 232
340 233
340 234
340 235
340 236
340 237
340 238
341 217
341 218
341 219
341 220
341 221
341 222
341 223
341 224
341 225
341 226
341 227
341 228
341 229
341 230
341 231
341 232
341 233
341 234
341 235
341 236
341 237
342 217
342 218
342 219
342 220
342 221
342 222
342 223
342 224
342 225
342 226
342 227
342 228
342 229
342 230
342 231
342 232
342 233
342 234
342 235
342 236
342 237
343 217
343 218
343 219
343 220
343 221
343 222
343 223
343 224
343 225
343 226
343 227
343 228
343 229
343 230
343 231
343 232
343 233
343 234
343 235
343 236
343 237
344 218
344 219
344 220
344 221
344 222
344 223
344 224
344 225
344 226
344 227
344 228
344 229
344 230
344 231
344 232
344 233
344 234
344 235
344 236
345 218
345 219
345 220
345 221
345 222
345 223
345 224
345 225
345 226
345 227
345 228
345 229
345 230
345 231
345 232
345 233
345 234
345 235
345 236
346 218
346 219
346 220
346 221
346 222
346 223
346 224
346 225
346 226
346 227
346 228
346 229
346 230
346 231
346 232
346 233
346 234
346 235
346 236
347 219
347 220
347 221
347 222
347 223
347 224
347 225
347 226
347 227
347 228
347 229
347 230
347 231
347 232
347 233
347 234
347 235
347 236
348 219
348 220
348 221
348 222
348 223
348 224
348 225
348 226
348 227
348 228
348 229
348 230
348 231
348 232
348 233
348 234
348 235
349 219
349 220
349 221
349 222
349 223
349 224
349 225
349 226
349 227
349 228
349 229
349 230
349 231
349 232
349 233
349 234
349 235
350 219
350 220
350 221
350 222
350 223
350 224
350 225
350 226
350 227
350 228
350 229
350 230
350 231
350 232
350 233
350 234
350 235
351 220
351 221
351 222
351 223
351 224
351 225
351 226
351 227
351 228
351 229
351 230
351 231
351 232
351 233
351 234
352 220
352 221
352 222
352 223
352 224
352 225
352 226
352 227
352 228
352 229
352 230
352 231
352 232
352 233
352 234
353 220
353 221
353 222
353 223
353 224
353 225
353 226
353 227
353 228
353 229
353 230
353 231
353 232
353 233
353 234
354 221
354 222
354 223
354 224
354 225
354 226
354 227
354 228
354 229
354 230
354 231
354 232
354 233
355 221
355 222
355 223
355 224
355 225
355 226
355 227
355 228
355 229
355 230
355 231
355 232
355 233
356 221
356 222
356 223
356 224
356 225
356 226
356 227
356 228
356 229
356 230
356 231
356 232
356 233
357 222
357 223
357 224
357 225
357 226
357 227
357 228
357 229
357 230
357 231
357 232
357 233
358 222
358 223
358 224
358 225
358 226
358 227
358 228
358 229
358 230
358 231
358 232
359 222
359 223
359 224
359 225
359 226
359 227
359 228
359 229
359 230
359 231
359 232
360 222
360 223
360 224
360 225
360 226
360 227
360 228
360 229
360 230
360 231
360 232
361 223
361 224
361 225
361 226
361 227
361 228
361 229
361 230
361 231
362 223
362 224
362 225
362 226
362 227
362 228
362 229
362 230
362 231
363 223
363 224
363 225
363 226
363 227
363 228
363 229
363 230
363 231
364 224
364 225
364 226
364 227
364 228
364 229
364 230
365 224
365 225
365 226
365 227
365 228
365 229
365 230
366 224
366 225
366 226
366 227
366 228
366 229
366 230
367 225
367 226
367 227
367 228
367 229
368 225
368 226
368 227
368 228
368 229
369 225
369 226
369 227
369 228
369 229
370 226
370 227
